(0.8341066305356705, 800.0, 0.7000000000000001, 0.9)
(0.8341555411830465, 800.0, 0.8, 0.9)
(0.83423789746014, 800.0, 0.6000000000000001, 0.9)
(0.8343662493050616, 800.0, 0.6000000000000001, 0.30000000000000004)
(0.8343754924844048, 800.0, 0.9, 0.9)
(0.8344000567154003, 800.0, 0.7000000000000001, 0.30000000000000004)
(0.8345337983579562, 800.0, 0.6000000000000001, 0.4)
(0.8345364495700657, 800.0, 0.5, 0.30000000000000004)
(0.8345941736082442, 800.0, 0.9, 0.8)
(0.8345975395572722, 800.0, 0.4, 0.30000000000000004)
(0.8346387724269859, 800.0, 0.5, 0.4)
(0.8346687451631457, 800.0, 0.30000000000000004, 0.30000000000000004)
(0.8346809215784876, 800.0, 0.7000000000000001, 0.8)
(0.8346881499611029, 800.0, 0.9, 0.7000000000000001)
(0.8347050356836925, 800.0, 0.8, 0.8)
(0.8347148160649359, 800.0, 0.7000000000000001, 0.4)
(0.8347831166151543, 800.0, 0.8, 0.4)
(0.8348490608271031, 800.0, 0.30000000000000004, 0.4)
(0.8348722451461768, 800.0, 0.2, 0.4)
(0.8348938686599982, 800.0, 0.4, 0.4)
(0.8349512602536135, 800.0, 0.7000000000000001, 0.6)
(0.8349614331094772, 800.0, 0.8, 0.6)
(0.835006104834901, 800.0, 0.6000000000000001, 0.7000000000000001)
(0.8350391814168397, 800.0, 0.30000000000000004, 0.8)
(0.8350415643098329, 800.0, 0.5, 0.9)
(0.8350538304597458, 800.0, 0.5, 0.7000000000000001)
(0.8350858683325116, 800.0, 0.1, 0.8)
(0.835105261650703, 800.0, 0.8, 0.30000000000000004)
(0.8351288887669699, 800.0, 0.2, 0.8)
(0.8351580651948524, 800.0, 0.9, 0.4)
(0.8351731625204438, 800.0, 0.1, 0.5)
(0.8351771968762505, 800.0, 0.7000000000000001, 0.7000000000000001)
(0.8351807802234295, 800.0, 0.2, 0.9)
(0.8351904801852312, 800.0, 0.4, 0.7000000000000001)
(0.8351964563312931, 800.0, 0.8, 0.7000000000000001)
(0.8352065120549512, 800.0, 0.1, 0.7000000000000001)
(0.835211003624643, 800.0, 0.5, 0.8)
(0.8352191787095826, 800.0, 0.2, 0.5)
(0.8352303603553168, 800.0, 0.4, 0.8)
(0.835242148395586, 800.0, 0.2, 0.7000000000000001)
(0.8352872764266486, 800.0, 0.30000000000000004, 0.5)
(0.8352993828654489, 800.0, 0.30000000000000004, 0.9)
(0.835309190800579, 800.0, 0.1, 0.6)
(0.8353567904495711, 800.0, 0.4, 0.6)
(0.8353711337619201, 800.0, 0.1, 0.9)
(0.8353874394008354, 800.0, 0.9, 0.6)
(0.8354218173965188, 800.0, 0.4, 0.5)
(0.8354230872980075, 800.0, 0.30000000000000004, 0.6)
(0.8354339270267013, 800.0, 0.1, 0.4)
(0.8354351440371173, 800.0, 0.6000000000000001, 0.8)
(0.8354396201058866, 800.0, 0.30000000000000004, 0.7000000000000001)
(0.835482439145856, 800.0, 0.6000000000000001, 0.6)
(0.835511320487889, 800.0, 0.5, 0.6)
(0.8355161371120375, 800.0, 0.4, 0.9)
(0.8355857927795165, 800.0, 0.2, 0.6)
(0.8355926247759096, 800.0, 0.2, 0.30000000000000004)
(0.8356181739577362, 800.0, 0.7000000000000001, 0.5)
(0.8356310274931316, 800.0, 0.6000000000000001, 0.5)
(0.8356783171423345, 800.0, 0.9, 0.5)
(0.8356854119755938, 800.0, 0.8, 0.5)
(0.835785511162436, 800.0, 0.5, 0.5)
(0.8360290007403983, 800.0, 0.9, 0.30000000000000004)
(0.837299660959702, 800.0, 0.6000000000000001, 0.2)
(0.8375414093914023, 800.0, 0.5, 0.2)
(0.8375701857049033, 800.0, 0.1, 0.30000000000000004)
(0.8375840585324682, 800.0, 0.7000000000000001, 0.2)
(0.8380663894884486, 800.0, 0.8, 0.2)
(0.8382636903396506, 800.0, 0.4, 0.2)
(0.8385148321651866, 800.0, 0.9, 0.2)
(0.8393002783493254, 800.0, 0.30000000000000004, 0.2)
(0.8403925954292651, 800.0, 0.2, 0.2)
(0.8433208126053721, 800.0, 0.1, 0.2)
(0.846658352700034, 800.0, 0.7000000000000001, 0.1)
(0.8467560385782907, 800.0, 0.8, 0.1)
(0.846860386288796, 800.0, 0.6000000000000001, 0.1)
(0.8471544196583926, 800.0, 0.9, 0.1)
(0.8473491508208104, 800.0, 0.5, 0.1)
(0.84812522724351, 800.0, 0.4, 0.1)
(0.8491668535837037, 800.0, 0.30000000000000004, 0.1)
(0.8505499515198294, 800.0, 0.2, 0.1)
(0.85281719654644, 800.0, 0.1, 0.1)
(0.8731284778469512, 800.0, 0.0, 0.2)
(0.8731284778469512, 800.0, 0.0, 0.30000000000000004)
(0.8731284778469512, 800.0, 0.0, 0.4)
(0.8731284778469512, 800.0, 0.0, 0.5)
(0.8731284778469512, 800.0, 0.0, 0.6)
(0.8731284778469512, 800.0, 0.0, 0.7000000000000001)
(0.8731284778469512, 800.0, 0.0, 0.8)
(0.8731284778469512, 800.0, 0.0, 0.9)
(0.8731284778469512, 800.0, 0.0, 0.1)
(1.632108625396666, 1.2589254117941673, 0.9, 0.1)
(1.6494744161775337, 1.2589254117941673, 0.9, 0.2)
(1.658275353462826, 1.2589254117941673, 0.9, 0.30000000000000004)
(1.6640128657427322, 1.2589254117941673, 0.9, 0.4)
(1.6669062418696106, 1.9498445997580456, 0.9, 0.1)
(1.6684756001087042, 1.2589254117941673, 0.9, 0.5)
(1.669555817441895, 1.2589254117941673, 0.8, 0.1)
(1.6723966203662533, 1.2589254117941673, 0.9, 0.6)
(1.676201264972316, 1.2589254117941673, 0.9, 0.7000000000000001)
(1.6802760640380436, 1.2589254117941673, 0.9, 0.8)
(1.6851997323396903, 1.2589254117941673, 0.9, 0.9)
(1.693709866460991, 1.2589254117941673, 0.8, 0.2)
(1.696229834703805, 1.2589254117941673, 0.7000000000000001, 0.1)
(1.699886092142341, 1.9498445997580456, 0.9, 0.2)
(1.7050806557734046, 1.2589254117941673, 0.8, 0.30000000000000004)
(1.7123011655141396, 1.2589254117941673, 0.8, 0.4)
(1.7152945461638804, 1.2589254117941673, 0.6000000000000001, 0.1)
(1.7167294626941716, 1.9498445997580456, 0.9, 0.30000000000000004)
(1.7178004137301075, 1.2589254117941673, 0.8, 0.5)
(1.7208820359361778, 1.2589254117941673, 0.7000000000000001, 0.2)
(1.7225316485043574, 1.2589254117941673, 0.8, 0.6)
(1.7270253639984834, 1.2589254117941673, 0.8, 0.7000000000000001)
(1.727707131229874, 1.9498445997580456, 0.9, 0.4)
(1.729338162465021, 1.2589254117941673, 0.5, 0.1)
(1.7317101950112652, 1.2589254117941673, 0.8, 0.8)
(1.7317971707368072, 3.019951720402016, 0.9, 0.1)
(1.7320577900511607, 1.2589254117941673, 0.7000000000000001, 0.30000000000000004)
(1.7362645948317217, 1.9498445997580456, 0.9, 0.5)
(1.7364145870276373, 1.9498445997580456, 0.8, 0.1)
(1.7371038315531646, 1.2589254117941673, 0.8, 0.9)
(1.7382007882243236, 1.2589254117941673, 0.6000000000000001, 0.2)
(1.7390573640537148, 1.2589254117941673, 0.7000000000000001, 0.4)
(1.7400108331387227, 1.2589254117941673, 0.4, 0.1)
(1.7438415246208154, 1.9498445997580456, 0.9, 0.6)
(1.7443037321549202, 1.2589254117941673, 0.7000000000000001, 0.5)
(1.7483058574416181, 1.2589254117941673, 0.30000000000000004, 0.1)
(1.74834874008366, 1.2589254117941673, 0.6000000000000001, 0.30000000000000004)
(1.7487360228114655, 1.2589254117941673, 0.7000000000000001, 0.6)
(1.7499482745706707, 1.2589254117941673, 0.5, 0.2)
(1.7512958381362507, 1.9498445997580456, 0.9, 0.7000000000000001)
(1.752853485061691, 1.2589254117941673, 0.7000000000000001, 0.7000000000000001)
(1.7546171809751294, 1.2589254117941673, 0.6000000000000001, 0.4)
(1.7548182614794834, 1.2589254117941673, 0.2, 0.1)
(1.757014502631158, 1.2589254117941673, 0.7000000000000001, 0.8)
(1.7583701266381473, 1.2589254117941673, 0.4, 0.2)
(1.7589028915595777, 1.2589254117941673, 0.5, 0.30000000000000004)
(1.7592327026535446, 1.2589254117941673, 0.6000000000000001, 0.5)
(1.7594400927782812, 1.9498445997580456, 0.9, 0.8)
(1.7599076433718714, 1.2589254117941673, 0.1, 0.1)
(1.761578207486295, 1.2589254117941673, 0.7000000000000001, 0.9)
(1.763054477494166, 1.2589254117941673, 0.6000000000000001, 0.6)
(1.763792441082491, 1.2589254117941673, 0.0, 0.1)
(1.764338624468205, 1.2589254117941673, 0.5, 0.4)
(1.7646322996295922, 1.2589254117941673, 0.30000000000000004, 0.2)
(1.766184239833412, 1.2589254117941673, 0.4, 0.30000000000000004)
(1.7665219287128853, 1.2589254117941673, 0.6000000000000001, 0.7000000000000001)
(1.7682576780934747, 1.2589254117941673, 0.5, 0.5)
(1.769351602944066, 1.2589254117941673, 0.2, 0.2)
(1.7695276580668184, 1.9498445997580456, 0.9, 0.9)
(1.7699220178335446, 1.2589254117941673, 0.6000000000000001, 0.8)
(1.7708268291419873, 1.2589254117941673, 0.4, 0.4)
(1.7714232289573717, 1.2589254117941673, 0.30000000000000004, 0.30000000000000004)
(1.7714299420854256, 1.2589254117941673, 0.5, 0.6)
(1.7728577453138268, 1.2589254117941673, 0.1, 0.2)
(1.7735009026621953, 1.2589254117941673, 0.6000000000000001, 0.9)
(1.7740933432139234, 1.2589254117941673, 0.4, 0.5)
(1.774237405604172, 1.2589254117941673, 0.5, 0.7000000000000001)
(1.7752477929949997, 1.2589254117941673, 0.2, 0.30000000000000004)
(1.7753221864107076, 1.2589254117941673, 0.0, 0.2)
(1.775358972414835, 1.2589254117941673, 0.30000000000000004, 0.4)
(1.7766708528429243, 1.2589254117941673, 0.4, 0.6)
(1.776912036031188, 1.2589254117941673, 0.5, 0.8)
(1.7779797355975318, 1.2589254117941673, 0.1, 0.30000000000000004)
(1.7780540670293012, 1.2589254117941673, 0.30000000000000004, 0.5)
(1.7785751193952157, 1.2589254117941673, 0.2, 0.4)
(1.7788921908846735, 1.2589254117941673, 0.4, 0.7000000000000001)
(1.7796289154936507, 1.2589254117941673, 0.5, 0.9)
(1.77977549685959, 1.2589254117941673, 0.0, 0.30000000000000004)
(1.7801220977046401, 1.2589254117941673, 0.30000000000000004, 0.6)
(1.7807904541259338, 1.2589254117941673, 0.2, 0.5)
(1.780796005550226, 1.2589254117941673, 0.1, 0.4)
(1.7809486453807675, 1.2589254117941673, 0.4, 0.8)
(1.7818544479954044, 1.2589254117941673, 0.30000000000000004, 0.7000000000000001)
(1.7821716293585799, 1.2589254117941673, 0.0, 0.4)
(1.7824423102782658, 1.2589254117941673, 0.2, 0.6)
(1.7826235799629435, 1.2589254117941673, 0.1, 0.5)
(1.7829706157012875, 1.2589254117941673, 0.4, 0.9)
(1.7833430567226647, 1.9498445997580456, 0.8, 0.2)
(1.783411814134344, 1.2589254117941673, 0.30000000000000004, 0.8)
(1.7836995231969786, 1.2589254117941673, 0.0, 0.5)
(1.7837865858956832, 1.2589254117941673, 0.2, 0.7000000000000001)
(1.7839524511776352, 1.2589254117941673, 0.1, 0.6)
(1.784795287233963, 1.2589254117941673, 0.0, 0.6)
(1.7848957006447799, 1.2589254117941673, 0.30000000000000004, 0.9)
(1.7849602275932286, 1.2589254117941673, 0.2, 0.8)
(1.785007454736626, 1.2589254117941673, 0.1, 0.7000000000000001)
(1.7856560787378863, 1.2589254117941673, 0.0, 0.7000000000000001)
(1.7859065905795062, 1.2589254117941673, 0.1, 0.8)
(1.7860454687588974, 1.2589254117941673, 0.2, 0.9)
(1.7862320475807902, 1.9498445997580456, 0.7000000000000001, 0.1)
(1.7863846782407304, 1.2589254117941673, 0.0, 0.8)
(1.7867190960951658, 1.2589254117941673, 0.1, 0.9)
(1.7870420006891312, 1.2589254117941673, 0.0, 0.9)
(1.7956888029669196, 3.019951720402016, 0.9, 0.2)
(1.8054723271688111, 1.9498445997580456, 0.8, 0.30000000000000004)
(1.819512635850509, 1.9498445997580456, 0.8, 0.4)
(1.8216308516492343, 1.9498445997580456, 0.6000000000000001, 0.1)
(1.828424218037027, 3.019951720402016, 0.9, 0.30000000000000004)
(1.8302465417799025, 1.9498445997580456, 0.8, 0.5)
(1.8343192515742766, 1.9498445997580456, 0.7000000000000001, 0.2)
(1.8395613413098215, 1.9498445997580456, 0.8, 0.6)
(1.8474852875100933, 1.9498445997580456, 0.5, 0.1)
(1.8485155089685346, 1.9498445997580456, 0.8, 0.7000000000000001)
(1.849731863431708, 3.019951720402016, 0.9, 0.4)
(1.8544013791154061, 4.677351412871983, 0.9, 0.1)
(1.8560894957281593, 1.9498445997580456, 0.7000000000000001, 0.30000000000000004)
(1.8579843851598072, 1.9498445997580456, 0.8, 0.8)
(1.8624018580003765, 3.019951720402016, 0.8, 0.1)
(1.866292427429749, 1.9498445997580456, 0.6000000000000001, 0.2)
(1.8663553654097613, 3.019951720402016, 0.9, 0.5)
(1.8669767951150196, 1.9498445997580456, 0.4, 0.1)
(1.869054443131744, 1.9498445997580456, 0.8, 0.9)
(1.869719458233956, 1.9498445997580456, 0.7000000000000001, 0.4)
(1.8799879221312266, 1.9498445997580456, 0.7000000000000001, 0.5)
(1.8811456710333279, 3.019951720402016, 0.9, 0.6)
(1.8820378593497915, 1.9498445997580456, 0.30000000000000004, 0.1)
(1.8860074065332684, 1.9498445997580456, 0.6000000000000001, 0.30000000000000004)
(1.8875938593170163, 1.9498445997580456, 0.5, 0.2)
(1.8887429863081655, 1.9498445997580456, 0.7000000000000001, 0.6)
(1.8938382482570464, 1.9498445997580456, 0.2, 0.1)
(1.8958275370328144, 3.019951720402016, 0.9, 0.7000000000000001)
(1.8969686241010402, 1.9498445997580456, 0.7000000000000001, 0.7000000000000001)
(1.8981836589147143, 1.9498445997580456, 0.6000000000000001, 0.4)
(1.9026187737730136, 1.9498445997580456, 0.4, 0.2)
(1.9030978147365343, 1.9498445997580456, 0.1, 0.1)
(1.9049211716976657, 1.9498445997580456, 0.5, 0.30000000000000004)
(1.9053841059110193, 1.9498445997580456, 0.7000000000000001, 0.8)
(1.9072021312720342, 1.9498445997580456, 0.6000000000000001, 0.5)
(1.9102667100650297, 1.9498445997580456, 0.0, 0.1)
(1.9120628139526648, 3.019951720402016, 0.9, 0.8)
(1.9136573289642942, 1.9498445997580456, 0.30000000000000004, 0.2)
(1.914732635207371, 1.9498445997580456, 0.7000000000000001, 0.9)
(1.9147416524501766, 1.9498445997580456, 0.6000000000000001, 0.6)
(1.9154352376834174, 1.9498445997580456, 0.5, 0.4)
(1.9176727513451484, 1.9498445997580456, 0.4, 0.30000000000000004)
(1.9216597953048071, 1.9498445997580456, 0.6000000000000001, 0.7000000000000001)
(1.921936269280771, 1.9498445997580456, 0.2, 0.2)
(1.9230618624040947, 1.9498445997580456, 0.5, 0.5)
(1.9266074731253693, 1.9498445997580456, 0.4, 0.4)
(1.9266877026523137, 1.9498445997580456, 0.30000000000000004, 0.30000000000000004)
(1.9281306999568193, 1.9498445997580456, 0.1, 0.2)
(1.9285248082483426, 1.9498445997580456, 0.6000000000000001, 0.8)
(1.9292953824817174, 1.9498445997580456, 0.5, 0.6)
(1.9324004569095503, 3.019951720402016, 0.9, 0.9)
(1.9326113048303055, 1.9498445997580456, 0.0, 0.2)
(1.9329296834402112, 1.9498445997580456, 0.4, 0.5)
(1.933221453093411, 1.9498445997580456, 0.2, 0.30000000000000004)
(1.9342262829978312, 1.9498445997580456, 0.30000000000000004, 0.4)
(1.9348749205936646, 1.9498445997580456, 0.5, 0.7000000000000001)
(1.9358391107254107, 1.9498445997580456, 0.6000000000000001, 0.9)
(1.9379394172358024, 1.9498445997580456, 0.1, 0.30000000000000004)
(1.9379646805251562, 1.9498445997580456, 0.4, 0.6)
(1.9394135810872817, 1.9498445997580456, 0.30000000000000004, 0.5)
(1.9395775112935683, 1.9498445997580456, 0.2, 0.4)
(1.9402545513774427, 1.9498445997580456, 0.5, 0.8)
(1.9411868965293289, 1.9498445997580456, 0.0, 0.30000000000000004)
(1.9423514525926602, 1.9498445997580456, 0.4, 0.7000000000000001)
(1.9433294867726114, 1.9498445997580456, 0.1, 0.4)
(1.9434264612565164, 1.9498445997580456, 0.30000000000000004, 0.6)
(1.9438270903938681, 1.9498445997580456, 0.2, 0.5)
(1.9457867665556492, 1.9498445997580456, 0.5, 0.9)
(1.945817761917792, 1.9498445997580456, 0.0, 0.4)
(1.9464605350163946, 1.9498445997580456, 0.4, 0.8)
(1.9468204308185975, 1.9498445997580456, 0.30000000000000004, 0.7000000000000001)
(1.9468445021955043, 1.9498445997580456, 0.1, 0.5)
(1.9470173589027873, 1.9498445997580456, 0.2, 0.6)
(1.948796699709269, 1.9498445997580456, 0.0, 0.5)
(1.9494172369984086, 1.9498445997580456, 0.1, 0.6)
(1.9496334937862752, 1.9498445997580456, 0.2, 0.7000000000000001)
(1.9499037426081207, 1.9498445997580456, 0.30000000000000004, 0.8)
(1.9505509905046412, 1.9498445997580456, 0.4, 0.9)
(1.9509539222192076, 1.9498445997580456, 0.0, 0.6)
(1.9514727978013227, 1.9498445997580456, 0.1, 0.7000000000000001)
(1.9519360119098945, 1.9498445997580456, 0.2, 0.8)
(1.9526628338510572, 1.9498445997580456, 0.0, 0.7000000000000001)
(1.952875277797145, 1.9498445997580456, 0.30000000000000004, 0.9)
(1.95323457503571, 1.9498445997580456, 0.1, 0.8)
(1.9533475300252299, 3.019951720402016, 0.8, 0.2)
(1.9540837544593412, 1.9498445997580456, 0.2, 0.9)
(1.954118363134918, 1.9498445997580456, 0.0, 0.8)
(1.9546091451855743, 3.019951720402016, 0.7000000000000001, 0.1)
(1.9548348198005512, 1.9498445997580456, 0.1, 0.9)
(1.9554366822370457, 1.9498445997580456, 0.0, 0.9)
(1.9777722790812073, 4.677351412871983, 0.9, 0.2)
(1.9962281705094138, 3.019951720402016, 0.8, 0.30000000000000004)
(2.018648598300023, 3.019951720402016, 0.6000000000000001, 0.1)
(2.0234623758415893, 3.019951720402016, 0.8, 0.4)
(2.040845083145255, 4.677351412871983, 0.9, 0.30000000000000004)
(2.0443731512532852, 3.019951720402016, 0.8, 0.5)
(2.046921909743732, 3.019951720402016, 0.7000000000000001, 0.2)
(2.0626465059766863, 3.019951720402016, 0.8, 0.6)
(2.064378097199706, 3.019951720402016, 0.5, 0.1)
(2.0803575353563977, 3.019951720402016, 0.8, 0.7000000000000001)
(2.081836195936222, 4.677351412871983, 0.9, 0.4)
(2.0830215194263797, 7.244359600749901, 0.9, 0.1)
(2.088744715652539, 3.019951720402016, 0.7000000000000001, 0.30000000000000004)
(2.096309461784507, 4.677351412871983, 0.8, 0.1)
(2.0982027770688614, 3.019951720402016, 0.4, 0.1)
(2.099239436974944, 3.019951720402016, 0.8, 0.8)
(2.103539165026808, 3.019951720402016, 0.6000000000000001, 0.2)
(2.113812583690685, 4.677351412871983, 0.9, 0.5)
(2.115035346673583, 3.019951720402016, 0.7000000000000001, 0.4)
(2.1214513207501486, 3.019951720402016, 0.8, 0.9)
(2.1239953067936486, 3.019951720402016, 0.30000000000000004, 0.1)
(2.134992883129062, 3.019951720402016, 0.7000000000000001, 0.5)
(2.139887606075765, 3.019951720402016, 0.5, 0.2)
(2.141081910192816, 3.019951720402016, 0.6000000000000001, 0.30000000000000004)
(2.142312088980736, 4.677351412871983, 0.9, 0.6)
(2.1441074660025308, 3.019951720402016, 0.2, 0.1)
(2.1521709993636207, 3.019951720402016, 0.7000000000000001, 0.6)
(2.1600101029490344, 3.019951720402016, 0.1, 0.1)
(2.164412300211895, 3.019951720402016, 0.6000000000000001, 0.4)
(2.1646900155255877, 3.019951720402016, 0.4, 0.2)
(2.168467539515023, 3.019951720402016, 0.7000000000000001, 0.7000000000000001)
(2.1706902836633932, 4.677351412871983, 0.9, 0.7000000000000001)
(2.1725812600796384, 3.019951720402016, 0.5, 0.30000000000000004)
(2.1726520238153486, 3.019951720402016, 0.0, 0.1)
(2.1818664723016985, 3.019951720402016, 0.6000000000000001, 0.5)
(2.1824761137212505, 3.019951720402016, 0.30000000000000004, 0.2)
(2.185286942841439, 3.019951720402016, 0.7000000000000001, 0.8)
(2.1925609007716376, 3.019951720402016, 0.5, 0.4)
(2.192818145030539, 3.019951720402016, 0.4, 0.30000000000000004)
(2.1956993640237092, 3.019951720402016, 0.2, 0.2)
(2.1966315406358152, 3.019951720402016, 0.6000000000000001, 0.6)
(2.2021495415192387, 4.677351412871983, 0.9, 0.8)
(2.204102839311248, 3.019951720402016, 0.7000000000000001, 0.9)
(2.2057574245034997, 3.019951720402016, 0.1, 0.2)
(2.2065835784095853, 3.019951720402016, 0.30000000000000004, 0.30000000000000004)
(2.2072205747454734, 3.019951720402016, 0.5, 0.5)
(2.2096265393145824, 3.019951720402016, 0.4, 0.4)
(2.2103409810321413, 3.019951720402016, 0.6000000000000001, 0.7000000000000001)
(2.2134681199257153, 3.019951720402016, 0.0, 0.2)
(2.2163968100620024, 3.019951720402016, 0.2, 0.30000000000000004)
(2.2193650837714696, 3.019951720402016, 0.5, 0.6)
(2.22060696155116, 3.019951720402016, 0.30000000000000004, 0.4)
(2.221658655343576, 3.019951720402016, 0.4, 0.5)
(2.2236516926528136, 3.019951720402016, 0.1, 0.30000000000000004)
(2.2240920251239666, 3.019951720402016, 0.6000000000000001, 0.8)
(2.2280966995178035, 3.019951720402016, 0.2, 0.4)
(2.229129604888114, 3.019951720402016, 0.0, 0.30000000000000004)
(2.230355533310874, 3.019951720402016, 0.30000000000000004, 0.5)
(2.230385878851363, 3.019951720402016, 0.5, 0.7000000000000001)
(2.2313754258439804, 3.019951720402016, 0.4, 0.6)
(2.233511156042651, 3.019951720402016, 0.1, 0.4)
(2.2359793829865136, 3.019951720402016, 0.2, 0.5)
(2.2376233434445885, 3.019951720402016, 0.0, 0.4)
(2.2379922574264364, 3.019951720402016, 0.30000000000000004, 0.6)
(2.238875412268852, 3.019951720402016, 0.6000000000000001, 0.9)
(2.239965506010585, 3.019951720402016, 0.4, 0.7000000000000001)
(2.239975100526814, 3.019951720402016, 0.1, 0.5)
(2.2411498312739018, 3.019951720402016, 0.5, 0.8)
(2.2413899595198807, 4.677351412871983, 0.9, 0.9)
(2.241951697679209, 3.019951720402016, 0.2, 0.6)
(2.2431178605472275, 3.019951720402016, 0.0, 0.5)
(2.244537986689461, 3.019951720402016, 0.30000000000000004, 0.7000000000000001)
(2.244730159159812, 3.019951720402016, 0.1, 0.6)
(2.246895170135125, 3.019951720402016, 0.2, 0.7000000000000001)
(2.247109966751901, 3.019951720402016, 0.0, 0.6)
(2.2481273934861554, 3.019951720402016, 0.4, 0.8)
(2.2485423439826433, 3.019951720402016, 0.1, 0.7000000000000001)
(2.2502713414006346, 3.019951720402016, 0.0, 0.7000000000000001)
(2.2505655751690052, 3.019951720402016, 0.30000000000000004, 0.8)
(2.251287088362474, 3.019951720402016, 0.2, 0.8)
(2.251816998240879, 3.019951720402016, 0.1, 0.8)
(2.2523462799559866, 3.019951720402016, 0.5, 0.9)
(2.252956410128479, 3.019951720402016, 0.0, 0.8)
(2.2547995131731633, 3.019951720402016, 0.1, 0.9)
(2.255382503550946, 3.019951720402016, 0.0, 0.9)
(2.2554253550013104, 3.019951720402016, 0.2, 0.9)
(2.2563622977847575, 3.019951720402016, 0.4, 0.9)
(2.256454283768428, 3.019951720402016, 0.30000000000000004, 0.9)
(2.2604888360513518, 4.677351412871983, 0.7000000000000001, 0.1)
(2.267255218329298, 4.677351412871983, 0.8, 0.2)
(2.3139553149631187, 7.244359600749901, 0.9, 0.2)
(2.3478918836441456, 4.677351412871983, 0.8, 0.30000000000000004)
(2.3702129439489177, 4.677351412871983, 0.6000000000000001, 0.1)
(2.3993552980395156, 4.677351412871983, 0.8, 0.4)
(2.4303964779962524, 4.677351412871983, 0.7000000000000001, 0.2)
(2.43142376928804, 7.244359600749901, 0.9, 0.30000000000000004)
(2.4391103401460192, 4.677351412871983, 0.8, 0.5)
(2.4458288028729886, 4.677351412871983, 0.5, 0.1)
(2.474059795577604, 4.677351412871983, 0.8, 0.6)
(2.4929759455100338, 11.220184543019636, 0.9, 0.1)
(2.500078948226915, 4.677351412871983, 0.4, 0.1)
(2.5077895551370384, 7.244359600749901, 0.9, 0.4)
(2.5078304873402786, 4.677351412871983, 0.7000000000000001, 0.30000000000000004)
(2.508089993211178, 4.677351412871983, 0.8, 0.7000000000000001)
(2.5134853030980917, 7.244359600749901, 0.8, 0.1)
(2.5238770764040437, 4.677351412871983, 0.6000000000000001, 0.2)
(2.5405425604502514, 4.677351412871983, 0.30000000000000004, 0.1)
(2.544435798815924, 4.677351412871983, 0.8, 0.8)
(2.5570085338305093, 4.677351412871983, 0.7000000000000001, 0.4)
(2.5673814004072306, 7.244359600749901, 0.9, 0.5)
(2.571831342652885, 4.677351412871983, 0.2, 0.1)
(2.580490300635751, 4.677351412871983, 0.5, 0.2)
(2.58705495575112, 4.677351412871983, 0.8, 0.9)
(2.592547772748465, 4.677351412871983, 0.6000000000000001, 0.30000000000000004)
(2.594754307285355, 4.677351412871983, 0.7000000000000001, 0.5)
(2.5969063061010504, 4.677351412871983, 0.1, 0.1)
(2.6169693913838854, 4.677351412871983, 0.4, 0.2)
(2.617773440017457, 4.677351412871983, 0.0, 0.1)
(2.6204646404385774, 7.244359600749901, 0.9, 0.6)
(2.627577281547921, 4.677351412871983, 0.7000000000000001, 0.6)
(2.635825976676617, 4.677351412871983, 0.6000000000000001, 0.4)
(2.6395750676872978, 4.677351412871983, 0.5, 0.30000000000000004)
(2.64193110558495, 4.677351412871983, 0.30000000000000004, 0.2)
(2.658969459763042, 4.677351412871983, 0.7000000000000001, 0.7000000000000001)
(2.6601233534133835, 4.677351412871983, 0.2, 0.2)
(2.667120324929914, 4.677351412871983, 0.4, 0.30000000000000004)
(2.6686893358614157, 4.677351412871983, 0.6000000000000001, 0.5)
(2.673192369187669, 7.244359600749901, 0.9, 0.7000000000000001)
(2.6744155932975064, 4.677351412871983, 0.1, 0.2)
(2.6762710432261096, 4.677351412871983, 0.5, 0.4)
(2.6842575651521567, 4.677351412871983, 0.30000000000000004, 0.30000000000000004)
(2.6866594818847074, 4.677351412871983, 0.0, 0.2)
(2.6915320941015497, 4.677351412871983, 0.7000000000000001, 0.8)
(2.6958867662288872, 4.677351412871983, 0.2, 0.30000000000000004)
(2.6968843306661743, 4.677351412871983, 0.6000000000000001, 0.6)
(2.6975791389366743, 4.677351412871983, 0.4, 0.4)
(2.703672284073855, 4.677351412871983, 0.5, 0.5)
(2.70493228977099, 4.677351412871983, 0.1, 0.30000000000000004)
(2.709223589665019, 4.677351412871983, 0.30000000000000004, 0.4)
(2.7132392847988434, 4.677351412871983, 0.0, 0.30000000000000004)
(2.7162933690365403, 4.677351412871983, 0.2, 0.4)
(2.719785631325608, 4.677351412871983, 0.4, 0.5)
(2.721817645668499, 4.677351412871983, 0.1, 0.4)
(2.7233782495161254, 4.677351412871983, 0.6000000000000001, 0.7000000000000001)
(2.7267671738711465, 4.677351412871983, 0.5, 0.6)
(2.7268622545260652, 4.677351412871983, 0.30000000000000004, 0.5)
(2.727678847115375, 4.677351412871983, 0.0, 0.4)
(2.7280077093913744, 4.677351412871983, 0.7000000000000001, 0.9)
(2.730187326855147, 4.677351412871983, 0.2, 0.5)
(2.7312359221962113, 7.244359600749901, 0.9, 0.8)
(2.7329165866030873, 4.677351412871983, 0.1, 0.5)
(2.736991814899089, 4.677351412871983, 0.0, 0.5)
(2.738058212282102, 4.677351412871983, 0.4, 0.6)
(2.740823626273382, 4.677351412871983, 0.2, 0.6)
(2.7409167966465593, 4.677351412871983, 0.30000000000000004, 0.6)
(2.7410757739474727, 4.677351412871983, 0.1, 0.6)
(2.7436918062065874, 4.677351412871983, 0.0, 0.6)
(2.747593093320267, 4.677351412871983, 0.1, 0.7000000000000001)
(2.7480528243016282, 4.677351412871983, 0.5, 0.7000000000000001)
(2.748914783938355, 4.677351412871983, 0.0, 0.7000000000000001)
(2.7497152501011266, 4.677351412871983, 0.2, 0.7000000000000001)
(2.750188079641165, 4.677351412871983, 0.6000000000000001, 0.8)
(2.7531679357448198, 4.677351412871983, 0.30000000000000004, 0.7000000000000001)
(2.7531742394779624, 4.677351412871983, 0.1, 0.8)
(2.753285399256066, 4.677351412871983, 0.0, 0.8)
(2.754502054134047, 4.677351412871983, 0.4, 0.7000000000000001)
(2.7572225068480405, 4.677351412871983, 0.0, 0.9)
(2.7577002527369516, 4.677351412871983, 0.2, 0.8)
(2.758275522643573, 4.677351412871983, 0.1, 0.9)
(2.764636366461106, 4.677351412871983, 0.30000000000000004, 0.8)
(2.7653281630707234, 4.677351412871983, 0.2, 0.9)
(2.769109047332005, 4.677351412871983, 0.5, 0.8)
(2.770377619817795, 4.677351412871983, 0.4, 0.8)
(2.776023515488609, 4.677351412871983, 0.30000000000000004, 0.9)
(2.779163554966912, 4.677351412871983, 0.6000000000000001, 0.9)
(2.7866143755029413, 4.677351412871983, 0.4, 0.9)
(2.7910266966248147, 7.244359600749901, 0.7000000000000001, 0.1)
(2.791218364979841, 4.677351412871983, 0.5, 0.9)
(2.8022854682122715, 7.244359600749901, 0.9, 0.9)
(2.8192859310592913, 7.244359600749901, 0.8, 0.2)
(2.9043867264032257, 11.220184543019636, 0.9, 0.2)
(2.9641725990929597, 7.244359600749901, 0.8, 0.30000000000000004)
(2.968770887400473, 7.244359600749901, 0.6000000000000001, 0.1)
(3.057460126646909, 7.244359600749901, 0.8, 0.4)
(3.0862381903521223, 7.244359600749901, 0.5, 0.1)
(3.0878847838679806, 7.244359600749901, 0.7000000000000001, 0.2)
(3.11306805058864, 11.220184543019636, 0.9, 0.30000000000000004)
(3.130040508585776, 7.244359600749901, 0.8, 0.5)
(3.1671388705842625, 7.244359600749901, 0.4, 0.1)
(3.193582945596397, 17.378008287493763, 0.9, 0.1)
(3.1941251655232916, 7.244359600749901, 0.8, 0.6)
(3.2235021692341745, 11.220184543019636, 0.8, 0.1)
(3.2248481732900234, 7.244359600749901, 0.7000000000000001, 0.30000000000000004)
(3.225395614301519, 7.244359600749901, 0.30000000000000004, 0.1)
(3.2327490551740534, 7.244359600749901, 0.6000000000000001, 0.2)
(3.2491750074297405, 11.220184543019636, 0.9, 0.4)
(3.2565633085909362, 7.244359600749901, 0.8, 0.7000000000000001)
(3.2696187265936643, 7.244359600749901, 0.2, 0.1)
(3.305691533463472, 7.244359600749901, 0.1, 0.1)
(3.3130788874789725, 7.244359600749901, 0.7000000000000001, 0.4)
(3.3140560587954364, 7.244359600749901, 0.5, 0.2)
(3.322987816716715, 7.244359600749901, 0.8, 0.8)
(3.3380116743508967, 7.244359600749901, 0.0, 0.1)
(3.352924052537981, 7.244359600749901, 0.6000000000000001, 0.30000000000000004)
(3.355482850150664, 11.220184543019636, 0.9, 0.5)
(3.3618141294620925, 7.244359600749901, 0.4, 0.2)
(3.3815882576171843, 7.244359600749901, 0.7000000000000001, 0.5)
(3.3913886255808015, 7.244359600749901, 0.30000000000000004, 0.2)
(3.4000998185914884, 7.244359600749901, 0.8, 0.9)
(3.411543540199705, 7.244359600749901, 0.2, 0.2)
(3.4163734760140123, 7.244359600749901, 0.5, 0.30000000000000004)
(3.4282259551824197, 7.244359600749901, 0.1, 0.2)
(3.430071454858083, 7.244359600749901, 0.6000000000000001, 0.4)
(3.4416440363630887, 7.244359600749901, 0.7000000000000001, 0.6)
(3.4459835744277516, 7.244359600749901, 0.0, 0.2)
(3.4475248895942134, 7.244359600749901, 0.4, 0.30000000000000004)
(3.4499555964616366, 11.220184543019636, 0.9, 0.6)
(3.4624390754517984, 7.244359600749901, 0.30000000000000004, 0.30000000000000004)
(3.470211983343767, 7.244359600749901, 0.2, 0.30000000000000004)
(3.477120630612666, 7.244359600749901, 0.1, 0.30000000000000004)
(3.4813057444067783, 7.244359600749901, 0.5, 0.4)
(3.487994577546203, 7.244359600749901, 0.0, 0.30000000000000004)
(3.489560245664954, 7.244359600749901, 0.6000000000000001, 0.5)
(3.4993050490255637, 7.244359600749901, 0.7000000000000001, 0.7000000000000001)
(3.5007785202019375, 7.244359600749901, 0.4, 0.4)
(3.5041327245111393, 7.244359600749901, 0.2, 0.4)
(3.50423252942077, 7.244359600749901, 0.1, 0.4)
(3.505213330617204, 7.244359600749901, 0.30000000000000004, 0.4)
(3.5106704059114366, 7.244359600749901, 0.0, 0.4)
(3.5219920210778435, 7.244359600749901, 0.1, 0.5)
(3.525054563135469, 7.244359600749901, 0.0, 0.5)
(3.527496587956923, 7.244359600749901, 0.2, 0.5)
(3.5307087069185985, 7.244359600749901, 0.5, 0.5)
(3.534951967796163, 7.244359600749901, 0.1, 0.6)
(3.535149670010581, 7.244359600749901, 0.0, 0.6)
(3.536030814817359, 7.244359600749901, 0.30000000000000004, 0.5)
(3.540424111215172, 7.244359600749901, 0.4, 0.5)
(3.5411923319205454, 7.244359600749901, 0.6000000000000001, 0.6)
(3.542790026625182, 7.244359600749901, 0.0, 0.7000000000000001)
(3.543158644242185, 11.220184543019636, 0.9, 0.7000000000000001)
(3.545218678988501, 7.244359600749901, 0.1, 0.7000000000000001)
(3.54557814547279, 7.244359600749901, 0.2, 0.6)
(3.5490299380695194, 7.244359600749901, 0.0, 0.8)
(3.553982514337314, 7.244359600749901, 0.1, 0.8)
(3.554686605909504, 7.244359600749901, 0.0, 0.9)
(3.5591142790996964, 7.244359600749901, 0.7000000000000001, 0.8)
(3.560872466444403, 7.244359600749901, 0.2, 0.7000000000000001)
(3.561046765696232, 7.244359600749901, 0.30000000000000004, 0.6)
(3.562098756230999, 7.244359600749901, 0.1, 0.9)
(3.5729897633000522, 7.244359600749901, 0.5, 0.6)
(3.573655762611931, 7.244359600749901, 0.4, 0.6)
(3.574816565212907, 7.244359600749901, 0.2, 0.8)
(3.5832394343122718, 7.244359600749901, 0.30000000000000004, 0.7000000000000001)
(3.5884199827390058, 7.244359600749901, 0.2, 0.9)
(3.590056637511896, 7.244359600749901, 0.6000000000000001, 0.7000000000000001)
(3.60402583841885, 7.244359600749901, 0.4, 0.7000000000000001)
(3.6043688565010052, 7.244359600749901, 0.30000000000000004, 0.8)
(3.612393077780255, 7.244359600749901, 0.5, 0.7000000000000001)
(3.625691967412086, 7.244359600749901, 0.30000000000000004, 0.9)
(3.625930622017803, 7.244359600749901, 0.7000000000000001, 0.9)
(3.6337009704982624, 7.244359600749901, 0.4, 0.8)
(3.639653842419313, 7.244359600749901, 0.6000000000000001, 0.8)
(3.644345575311716, 11.220184543019636, 0.9, 0.8)
(3.651637634719069, 7.244359600749901, 0.5, 0.8)
(3.664320756522499, 7.244359600749901, 0.4, 0.9)
(3.674737712981808, 11.220184543019636, 0.7000000000000001, 0.1)
(3.6930018424164306, 7.244359600749901, 0.5, 0.9)
(3.693304678651264, 7.244359600749901, 0.6000000000000001, 0.9)
(3.744327109969793, 11.220184543019636, 0.8, 0.2)
(3.7649492049379276, 11.220184543019636, 0.9, 0.9)
(3.891693814924938, 17.378008287493763, 0.9, 0.2)
(3.953908097609313, 11.220184543019636, 0.6000000000000001, 0.1)
(3.9933161735756975, 11.220184543019636, 0.8, 0.30000000000000004)
(4.131144727650274, 11.220184543019636, 0.5, 0.1)
(4.155118316182365, 11.220184543019636, 0.8, 0.4)
(4.1710811157548955, 11.220184543019636, 0.7000000000000001, 0.2)
(4.246601823354362, 17.378008287493763, 0.9, 0.30000000000000004)
(4.247430743669145, 11.220184543019636, 0.4, 0.1)
(4.281612545725666, 11.220184543019636, 0.8, 0.5)
(4.326721025419066, 11.220184543019636, 0.30000000000000004, 0.1)
(4.345743993075327, 26.915348039269166, 0.9, 0.1)
(4.3842321754223565, 11.220184543019636, 0.2, 0.1)
(4.389523984020617, 11.220184543019636, 0.6000000000000001, 0.2)
(4.389643164339119, 17.378008287493763, 0.8, 0.1)
(4.393361277580744, 11.220184543019636, 0.8, 0.6)
(4.403668909418607, 11.220184543019636, 0.7000000000000001, 0.30000000000000004)
(4.431536258421858, 11.220184543019636, 0.1, 0.1)
(4.4789651857808455, 11.220184543019636, 0.0, 0.1)
(4.4791035859235295, 17.378008287493763, 0.9, 0.4)
(4.501798726760426, 11.220184543019636, 0.8, 0.7000000000000001)
(4.5023070656751365, 11.220184543019636, 0.5, 0.2)
(4.555359750918019, 11.220184543019636, 0.7000000000000001, 0.4)
(4.560084298168248, 11.220184543019636, 0.4, 0.2)
(4.588642541880636, 11.220184543019636, 0.30000000000000004, 0.2)
(4.59204450535839, 11.220184543019636, 0.6000000000000001, 0.30000000000000004)
(4.603144135451312, 11.220184543019636, 0.2, 0.2)
(4.61577807682943, 11.220184543019636, 0.1, 0.2)
(4.616214410737542, 11.220184543019636, 0.8, 0.8)
(4.638713266160673, 11.220184543019636, 0.0, 0.2)
(4.660624799209245, 17.378008287493763, 0.9, 0.5)
(4.673457200417282, 11.220184543019636, 0.5, 0.30000000000000004)
(4.673981380466348, 11.220184543019636, 0.7000000000000001, 0.5)
(4.690634990647073, 11.220184543019636, 0.1, 0.30000000000000004)
(4.696255632111301, 11.220184543019636, 0.2, 0.30000000000000004)
(4.701356438225071, 11.220184543019636, 0.0, 0.30000000000000004)
(4.70206154104059, 11.220184543019636, 0.4, 0.30000000000000004)
(4.704467362979912, 11.220184543019636, 0.30000000000000004, 0.30000000000000004)
(4.724100013959286, 11.220184543019636, 0.6000000000000001, 0.4)
(4.732109073378837, 11.220184543019636, 0.1, 0.4)
(4.734624991275437, 11.220184543019636, 0.0, 0.4)
(4.747402846183357, 11.220184543019636, 0.8, 0.9)
(4.7509227280792095, 11.220184543019636, 0.2, 0.4)
(4.755200580545621, 11.220184543019636, 0.0, 0.5)
(4.759136598008853, 11.220184543019636, 0.1, 0.5)
(4.769243426444704, 11.220184543019636, 0.0, 0.6)
(4.775744028334414, 11.220184543019636, 0.30000000000000004, 0.4)
(4.778159573785389, 11.220184543019636, 0.7000000000000001, 0.6)
(4.778793540726109, 11.220184543019636, 0.1, 0.6)
(4.7795752413551025, 11.220184543019636, 0.0, 0.7000000000000001)
(4.784161059675775, 11.220184543019636, 0.5, 0.4)
(4.787743980097373, 11.220184543019636, 0.0, 0.8)
(4.789087054058113, 11.220184543019636, 0.2, 0.5)
(4.7922195371976875, 11.220184543019636, 0.4, 0.4)
(4.79438879638671, 11.220184543019636, 0.1, 0.7000000000000001)
(4.795147745276052, 11.220184543019636, 0.0, 0.9)
(4.807781075023463, 11.220184543019636, 0.1, 0.8)
(4.819073535050754, 11.220184543019636, 0.2, 0.6)
(4.820442946818033, 11.220184543019636, 0.1, 0.9)
(4.821205748382415, 17.378008287493763, 0.9, 0.6)
(4.826886045295481, 11.220184543019636, 0.6000000000000001, 0.5)
(4.828030174648578, 11.220184543019636, 0.30000000000000004, 0.5)
(4.844888375715495, 11.220184543019636, 0.2, 0.7000000000000001)
(4.860395884480392, 11.220184543019636, 0.4, 0.5)
(4.86889731396597, 11.220184543019636, 0.2, 0.8)
(4.869419689708038, 11.220184543019636, 0.5, 0.5)
(4.871139739580571, 11.220184543019636, 0.30000000000000004, 0.6)
(4.877872715735738, 11.220184543019636, 0.7000000000000001, 0.7000000000000001)
(4.892857566053771, 11.220184543019636, 0.2, 0.9)
(4.909885343852464, 11.220184543019636, 0.30000000000000004, 0.7000000000000001)
(4.916380122208052, 11.220184543019636, 0.6000000000000001, 0.6)
(4.918129920103692, 11.220184543019636, 0.4, 0.6)
(4.942805255087341, 11.220184543019636, 0.5, 0.6)
(4.947173451253514, 11.220184543019636, 0.30000000000000004, 0.8)
(4.971150558237983, 11.220184543019636, 0.4, 0.7000000000000001)
(4.978118680288977, 17.378008287493763, 0.9, 0.7000000000000001)
(4.980747160062602, 11.220184543019636, 0.7000000000000001, 0.8)
(4.985144401705497, 11.220184543019636, 0.30000000000000004, 0.9)
(5.000860075410238, 11.220184543019636, 0.6000000000000001, 0.7000000000000001)
(5.011168581714355, 11.220184543019636, 0.5, 0.7000000000000001)
(5.023015090014687, 11.220184543019636, 0.4, 0.8)
(5.076592591016238, 11.220184543019636, 0.4, 0.9)
(5.079015216398598, 11.220184543019636, 0.5, 0.8)
(5.086201402339426, 11.220184543019636, 0.6000000000000001, 0.8)
(5.0952535311255245, 11.220184543019636, 0.7000000000000001, 0.9)
(5.109329987127207, 17.378008287493763, 0.7000000000000001, 0.1)
(5.145702166454034, 17.378008287493763, 0.9, 0.8)
(5.150499742466355, 11.220184543019636, 0.5, 0.9)
(5.178465939846016, 11.220184543019636, 0.6000000000000001, 0.9)
(5.244550999232443, 17.378008287493763, 0.8, 0.2)
(5.340455635470722, 17.378008287493763, 0.9, 0.9)
(5.488714107930675, 26.915348039269166, 0.9, 0.2)
(5.5445330603092104, 17.378008287493763, 0.6000000000000001, 0.1)
(5.657738714308206, 17.378008287493763, 0.8, 0.30000000000000004)
(5.811926579574529, 17.378008287493763, 0.5, 0.1)
(5.913667807139873, 17.378008287493763, 0.7000000000000001, 0.2)
(5.927944698583428, 17.378008287493763, 0.8, 0.4)
(5.9790220336686914, 17.378008287493763, 0.4, 0.1)
(6.072937153736529, 26.915348039269166, 0.9, 0.30000000000000004)
(6.085133792516565, 17.378008287493763, 0.30000000000000004, 0.1)
(6.139283971359977, 17.378008287493763, 0.8, 0.5)
(6.155406924973395, 17.378008287493763, 0.2, 0.1)
(6.195668606026426, 41.68693834703355, 0.9, 0.1)
(6.211128500002703, 17.378008287493763, 0.1, 0.1)
(6.2434002907227795, 17.378008287493763, 0.6000000000000001, 0.2)
(6.262843129572344, 26.915348039269166, 0.8, 0.1)
(6.276885660725476, 17.378008287493763, 0.0, 0.1)
(6.296248284693159, 17.378008287493763, 0.7000000000000001, 0.30000000000000004)
(6.325302023136723, 17.378008287493763, 0.8, 0.6)
(6.400933579376364, 17.378008287493763, 0.5, 0.2)
(6.456818836027746, 26.915348039269166, 0.9, 0.4)
(6.468772061331606, 17.378008287493763, 0.4, 0.2)
(6.478339969284941, 17.378008287493763, 0.1, 0.2)
(6.484421264101726, 17.378008287493763, 0.2, 0.2)
(6.488597303118788, 17.378008287493763, 0.30000000000000004, 0.2)
(6.502082830248014, 17.378008287493763, 0.0, 0.2)
(6.504379689111318, 17.378008287493763, 0.8, 0.7000000000000001)
(6.5476109504683855, 17.378008287493763, 0.7000000000000001, 0.4)
(6.574404700669942, 17.378008287493763, 0.6000000000000001, 0.30000000000000004)
(6.589442282150774, 17.378008287493763, 0.1, 0.30000000000000004)
(6.591171450340898, 17.378008287493763, 0.0, 0.30000000000000004)
(6.6290419632652835, 17.378008287493763, 0.2, 0.30000000000000004)
(6.637626147657, 17.378008287493763, 0.0, 0.4)
(6.65120418601176, 17.378008287493763, 0.1, 0.4)
(6.665747545787309, 17.378008287493763, 0.0, 0.5)
(6.672892401370871, 17.378008287493763, 0.30000000000000004, 0.30000000000000004)
(6.678811068294227, 17.378008287493763, 0.5, 0.30000000000000004)
(6.684536791699368, 17.378008287493763, 0.0, 0.6)
(6.691182579323023, 17.378008287493763, 0.8, 0.8)
(6.69165496750173, 17.378008287493763, 0.1, 0.5)
(6.697440805781588, 17.378008287493763, 0.4, 0.30000000000000004)
(6.698117209605582, 17.378008287493763, 0.0, 0.7000000000000001)
(6.708570714961417, 17.378008287493763, 0.0, 0.8)
(6.715519626693039, 17.378008287493763, 0.2, 0.4)
(6.717602934414981, 17.378008287493763, 0.0, 0.9)
(6.72143108689556, 17.378008287493763, 0.1, 0.6)
(6.744450072827293, 17.378008287493763, 0.7000000000000001, 0.5)
(6.745511765901992, 17.378008287493763, 0.1, 0.7000000000000001)
(6.755655797241379, 26.915348039269166, 0.9, 0.5)
(6.766604273138425, 17.378008287493763, 0.1, 0.8)
(6.776960035459986, 17.378008287493763, 0.2, 0.5)
(6.786860011155722, 17.378008287493763, 0.1, 0.9)
(6.788475177417876, 17.378008287493763, 0.30000000000000004, 0.4)
(6.792263847613258, 17.378008287493763, 0.6000000000000001, 0.4)
(6.826167883353016, 17.378008287493763, 0.2, 0.6)
(6.844956111665787, 17.378008287493763, 0.4, 0.4)
(6.860775719292107, 17.378008287493763, 0.5, 0.4)
(6.869262301509412, 17.378008287493763, 0.2, 0.7000000000000001)
(6.874356226299262, 17.378008287493763, 0.30000000000000004, 0.5)
(6.902338691219056, 17.378008287493763, 0.8, 0.9)
(6.909824427773908, 17.378008287493763, 0.2, 0.8)
(6.916685760805223, 17.378008287493763, 0.7000000000000001, 0.6)
(6.945727769862897, 17.378008287493763, 0.30000000000000004, 0.6)
(6.950718897836338, 17.378008287493763, 0.2, 0.9)
(6.957318423000838, 17.378008287493763, 0.4, 0.5)
(6.962270177455043, 17.378008287493763, 0.6000000000000001, 0.5)
(7.001503326619884, 17.378008287493763, 0.5, 0.5)
(7.009923327677768, 17.378008287493763, 0.30000000000000004, 0.7000000000000001)
(7.018325564604568, 26.915348039269166, 0.9, 0.6)
(7.052438447937941, 17.378008287493763, 0.4, 0.6)
(7.071474381571081, 17.378008287493763, 0.30000000000000004, 0.8)
(7.0801682459419535, 17.378008287493763, 0.7000000000000001, 0.7000000000000001)
(7.109690044377835, 17.378008287493763, 0.6000000000000001, 0.6)
(7.122197223729095, 17.378008287493763, 0.5, 0.6)
(7.134113904349508, 17.378008287493763, 0.30000000000000004, 0.9)
(7.139100813679502, 17.378008287493763, 0.4, 0.7000000000000001)
(7.2230540637471785, 17.378008287493763, 0.4, 0.8)
(7.233478923524057, 17.378008287493763, 0.5, 0.7000000000000001)
(7.247217528901994, 17.378008287493763, 0.7000000000000001, 0.8)
(7.247506102404778, 17.378008287493763, 0.6000000000000001, 0.7000000000000001)
(7.272317864861013, 26.915348039269166, 0.9, 0.7000000000000001)
(7.30969860267924, 17.378008287493763, 0.4, 0.9)
(7.342759015765318, 17.378008287493763, 0.5, 0.8)
(7.385362065708201, 17.378008287493763, 0.6000000000000001, 0.8)
(7.400232546961785, 26.915348039269166, 0.7000000000000001, 0.1)
(7.431866222546251, 17.378008287493763, 0.7000000000000001, 0.9)
(7.457881648171285, 17.378008287493763, 0.5, 0.9)
(7.534159537747974, 17.378008287493763, 0.6000000000000001, 0.9)
(7.539409523480564, 26.915348039269166, 0.9, 0.8)
(7.63232894434012, 26.915348039269166, 0.8, 0.2)
(7.8436818276326035, 26.915348039269166, 0.9, 0.9)
(8.02473614561921, 41.68693834703355, 0.9, 0.2)
(8.078648375812241, 26.915348039269166, 0.6000000000000001, 0.1)
(8.300613834560986, 26.915348039269166, 0.8, 0.30000000000000004)
(8.48584546686174, 26.915348039269166, 0.5, 0.1)
(8.676808833560695, 26.915348039269166, 0.7000000000000001, 0.2)
(8.73013358290197, 26.915348039269166, 0.4, 0.1)
(8.739035681352059, 26.915348039269166, 0.8, 0.4)
(8.874480834852557, 26.915348039269166, 0.30000000000000004, 0.1)
(8.958321966428638, 26.915348039269166, 0.2, 0.1)
(8.964321306606767, 41.68693834703355, 0.9, 0.30000000000000004)
(9.016198865135127, 26.915348039269166, 0.1, 0.1)
(9.081029272773147, 26.915348039269166, 0.8, 0.5)
(9.101355576231713, 26.915348039269166, 0.0, 0.1)
(9.12439851385053, 64.56542290346556, 0.9, 0.1)
(9.178613640528132, 26.915348039269166, 0.6000000000000001, 0.2)
(9.23016299129048, 41.68693834703355, 0.8, 0.1)
(9.291318660631317, 26.915348039269166, 0.7000000000000001, 0.30000000000000004)
(9.380261449133723, 26.915348039269166, 0.8, 0.6)
(9.394975125938378, 26.915348039269166, 0.1, 0.2)
(9.403717794874128, 26.915348039269166, 0.5, 0.2)
(9.406086966426038, 26.915348039269166, 0.0, 0.2)
(9.44492823053654, 26.915348039269166, 0.2, 0.2)
(9.483849885434813, 26.915348039269166, 0.4, 0.2)
(9.485452304683536, 26.915348039269166, 0.30000000000000004, 0.2)
(9.528626423549259, 26.915348039269166, 0.0, 0.30000000000000004)
(9.557278280336767, 26.915348039269166, 0.1, 0.30000000000000004)
(9.582359070598896, 41.68693834703355, 0.9, 0.4)
(9.591840355303129, 26.915348039269166, 0.0, 0.4)
(9.629607376487396, 26.915348039269166, 0.0, 0.5)
(9.64898291221414, 26.915348039269166, 0.1, 0.4)
(9.65446980298863, 26.915348039269166, 0.0, 0.6)
(9.66572433780528, 26.915348039269166, 0.8, 0.7000000000000001)
(9.665831408472581, 26.915348039269166, 0.2, 0.30000000000000004)
(9.672141562252143, 26.915348039269166, 0.0, 0.7000000000000001)
(9.68567870667655, 26.915348039269166, 0.0, 0.8)
(9.696511121272593, 26.915348039269166, 0.7000000000000001, 0.4)
(9.696577556452196, 26.915348039269166, 0.0, 0.9)
(9.707241536982472, 26.915348039269166, 0.6000000000000001, 0.30000000000000004)
(9.71017531654225, 26.915348039269166, 0.1, 0.5)
(9.756326054977244, 26.915348039269166, 0.1, 0.6)
(9.772059938777188, 26.915348039269166, 0.30000000000000004, 0.30000000000000004)
(9.794639019468638, 26.915348039269166, 0.1, 0.7000000000000001)
(9.800757558070272, 26.915348039269166, 0.2, 0.4)
(9.829082415921176, 26.915348039269166, 0.1, 0.8)
(9.84340090234928, 26.915348039269166, 0.4, 0.30000000000000004)
(9.844459244710118, 26.915348039269166, 0.5, 0.30000000000000004)
(9.862384203798193, 26.915348039269166, 0.1, 0.9)
(9.898259149195928, 26.915348039269166, 0.2, 0.5)
(9.954693684847891, 26.915348039269166, 0.30000000000000004, 0.4)
(9.959631827745715, 26.915348039269166, 0.8, 0.8)
(9.977293751838863, 26.915348039269166, 0.2, 0.6)
(10.013249293216496, 26.915348039269166, 0.7000000000000001, 0.5)
(10.046706198114084, 26.915348039269166, 0.2, 0.7000000000000001)
(10.056750033435916, 26.915348039269166, 0.6000000000000001, 0.4)
(10.061363467451189, 41.68693834703355, 0.9, 0.5)
(10.077911191993048, 26.915348039269166, 0.4, 0.4)
(10.091435979882483, 26.915348039269166, 0.30000000000000004, 0.5)
(10.111544520738276, 26.915348039269166, 0.2, 0.8)
(10.135085286205685, 26.915348039269166, 0.5, 0.4)
(10.176705724332349, 26.915348039269166, 0.2, 0.9)
(10.204931911997566, 26.915348039269166, 0.30000000000000004, 0.6)
(10.257108031631974, 26.915348039269166, 0.4, 0.5)
(10.285924656997118, 26.915348039269166, 0.8, 0.9)
(10.288877520552367, 26.915348039269166, 0.7000000000000001, 0.6)
(10.305719993438206, 26.915348039269166, 0.30000000000000004, 0.7000000000000001)
(10.329356864026057, 26.915348039269166, 0.6000000000000001, 0.5)
(10.360091818216592, 26.915348039269166, 0.5, 0.5)
(10.400852933478198, 26.915348039269166, 0.30000000000000004, 0.8)
(10.407974093551886, 26.915348039269166, 0.4, 0.6)
(10.479547776666978, 41.68693834703355, 0.9, 0.6)
(10.497475253309098, 26.915348039269166, 0.30000000000000004, 0.9)
(10.54343844885338, 26.915348039269166, 0.4, 0.7000000000000001)
(10.548155954801416, 26.915348039269166, 0.7000000000000001, 0.7000000000000001)
(10.551904693967098, 26.915348039269166, 0.5, 0.6)
(10.564433890078003, 26.915348039269166, 0.6000000000000001, 0.6)
(10.672803063990655, 26.915348039269166, 0.4, 0.8)
(10.726578611108883, 26.915348039269166, 0.5, 0.7000000000000001)
(10.781983299258023, 26.915348039269166, 0.6000000000000001, 0.7000000000000001)
(10.80584669675092, 26.915348039269166, 0.4, 0.9)
(10.809947009029822, 26.915348039269166, 0.7000000000000001, 0.8)
(10.880240847751537, 41.68693834703355, 0.9, 0.7000000000000001)
(10.895860439141929, 26.915348039269166, 0.5, 0.8)
(10.996984953294195, 26.915348039269166, 0.6000000000000001, 0.8)
(11.015933477433983, 41.68693834703355, 0.7000000000000001, 0.1)
(11.073075145880736, 26.915348039269166, 0.5, 0.9)
(11.094785018171109, 26.915348039269166, 0.7000000000000001, 0.9)
(11.226722324547275, 26.915348039269166, 0.6000000000000001, 0.9)
(11.296351577387695, 41.68693834703355, 0.9, 0.8)
(11.390871254458533, 41.68693834703355, 0.8, 0.2)
(11.76269792274711, 41.68693834703355, 0.9, 0.9)
(12.010363806214126, 64.56542290346556, 0.9, 0.2)
(12.072700594591046, 41.68693834703355, 0.6000000000000001, 0.1)
(12.452108840667613, 41.68693834703355, 0.8, 0.30000000000000004)
(12.697588962416221, 41.68693834703355, 0.5, 0.1)
(13.016581033799035, 41.68693834703355, 0.7000000000000001, 0.2)
(13.061460821111153, 41.68693834703355, 0.4, 0.1)
(13.149153158637253, 41.68693834703355, 0.8, 0.4)
(13.263937792112857, 41.68693834703355, 0.30000000000000004, 0.1)
(13.36611391108578, 41.68693834703355, 0.2, 0.1)
(13.418912084228685, 41.68693834703355, 0.1, 0.1)
(13.497208654041735, 64.56542290346556, 0.9, 0.30000000000000004)
(13.520997586330427, 41.68693834703355, 0.0, 0.1)
(13.69095178463905, 41.68693834703355, 0.8, 0.5)
(13.719737560356997, 100.0, 0.9, 0.1)
(13.784948722192674, 41.68693834703355, 0.6000000000000001, 0.2)
(13.887253502783981, 64.56542290346556, 0.8, 0.1)
(13.922541931268022, 41.68693834703355, 0.0, 0.2)
(13.952911753801931, 41.68693834703355, 0.1, 0.2)
(13.987376229727024, 41.68693834703355, 0.7000000000000001, 0.30000000000000004)
(14.081221944040418, 41.68693834703355, 0.2, 0.2)
(14.088585656087618, 41.68693834703355, 0.0, 0.30000000000000004)
(14.113940000960966, 41.68693834703355, 0.5, 0.2)
(14.162241697145207, 41.68693834703355, 0.8, 0.6)
(14.174144238827942, 41.68693834703355, 0.0, 0.4)
(14.18169852529232, 41.68693834703355, 0.30000000000000004, 0.2)
(14.190024839429212, 41.68693834703355, 0.1, 0.30000000000000004)
(14.211183534659796, 41.68693834703355, 0.4, 0.2)
(14.224825489312536, 41.68693834703355, 0.0, 0.5)
(14.257842204412327, 41.68693834703355, 0.0, 0.6)
(14.280941941251891, 41.68693834703355, 0.0, 0.7000000000000001)
(14.298406813580819, 41.68693834703355, 0.0, 0.8)
(14.31236939914302, 41.68693834703355, 0.0, 0.9)
(14.327587756294527, 41.68693834703355, 0.1, 0.4)
(14.415102399008974, 41.68693834703355, 0.2, 0.30000000000000004)
(14.42148184296434, 41.68693834703355, 0.1, 0.5)
(14.47510994225472, 64.56542290346556, 0.9, 0.4)
(14.493922137246111, 41.68693834703355, 0.1, 0.6)
(14.55504484481896, 41.68693834703355, 0.1, 0.7000000000000001)
(14.608611021957143, 41.68693834703355, 0.8, 0.7000000000000001)
(14.610704354545598, 41.68693834703355, 0.1, 0.8)
(14.616241543045996, 41.68693834703355, 0.6000000000000001, 0.30000000000000004)
(14.62121509658311, 41.68693834703355, 0.30000000000000004, 0.30000000000000004)
(14.623255108273693, 41.68693834703355, 0.2, 0.4)
(14.628582194780314, 41.68693834703355, 0.7000000000000001, 0.4)
(14.664229462811939, 41.68693834703355, 0.1, 0.9)
(14.768675407215804, 41.68693834703355, 0.4, 0.30000000000000004)
(14.775270263457653, 41.68693834703355, 0.2, 0.5)
(14.80296652335541, 41.68693834703355, 0.5, 0.30000000000000004)
(14.898502584676379, 41.68693834703355, 0.2, 0.6)
(14.905254076080062, 41.68693834703355, 0.30000000000000004, 0.4)
(15.005302445976241, 41.68693834703355, 0.2, 0.7000000000000001)
(15.062980117458627, 41.68693834703355, 0.8, 0.8)
(15.102946903483415, 41.68693834703355, 0.2, 0.8)
(15.118936873901355, 41.68693834703355, 0.30000000000000004, 0.5)
(15.128735048427908, 41.68693834703355, 0.7000000000000001, 0.5)
(15.13538698027634, 41.68693834703355, 0.4, 0.4)
(15.167272713381045, 41.68693834703355, 0.6000000000000001, 0.4)
(15.200642463512546, 41.68693834703355, 0.2, 0.9)
(15.229726354558615, 64.56542290346556, 0.9, 0.5)
(15.259348230108932, 41.68693834703355, 0.5, 0.4)
(15.295377238188662, 41.68693834703355, 0.30000000000000004, 0.6)
(15.416405744769122, 41.68693834703355, 0.4, 0.5)
(15.449448930332624, 41.68693834703355, 0.30000000000000004, 0.7000000000000001)
(15.557620895443344, 41.68693834703355, 0.8, 0.9)
(15.561852807158097, 41.68693834703355, 0.7000000000000001, 0.6)
(15.592248908204489, 41.68693834703355, 0.30000000000000004, 0.8)
(15.596903967731995, 41.68693834703355, 0.6000000000000001, 0.5)
(15.613181364278562, 41.68693834703355, 0.5, 0.5)
(15.65175052778897, 41.68693834703355, 0.4, 0.6)
(15.736372102076482, 41.68693834703355, 0.30000000000000004, 0.9)
(15.860284344943956, 41.68693834703355, 0.4, 0.7000000000000001)
(15.88496353178197, 64.56542290346556, 0.9, 0.6)
(15.913429229921057, 41.68693834703355, 0.5, 0.6)
(15.965782943152874, 41.68693834703355, 0.6000000000000001, 0.6)
(15.966481473418916, 41.68693834703355, 0.7000000000000001, 0.7000000000000001)
(16.056696256792836, 41.68693834703355, 0.4, 0.8)
(16.18428395302646, 41.68693834703355, 0.5, 0.7000000000000001)
(16.255414458929273, 41.68693834703355, 0.4, 0.9)
(16.30468208649308, 41.68693834703355, 0.6000000000000001, 0.7000000000000001)
(16.37066713516887, 41.68693834703355, 0.7000000000000001, 0.8)
(16.44363395389844, 41.68693834703355, 0.5, 0.8)
(16.50886216149009, 64.56542290346556, 0.9, 0.7000000000000001)
(16.635968093734757, 41.68693834703355, 0.6000000000000001, 0.8)
(16.675876141200266, 64.56542290346556, 0.7000000000000001, 0.1)
(16.710158225652826, 41.68693834703355, 0.5, 0.9)
(16.80054011569728, 41.68693834703355, 0.7000000000000001, 0.9)
(16.982610118582482, 41.68693834703355, 0.6000000000000001, 0.9)
(17.151119310934188, 64.56542290346556, 0.9, 0.8)
(17.26581687788304, 64.56542290346556, 0.8, 0.2)
(17.861201813447334, 64.56542290346556, 0.9, 0.9)
(18.234369140841867, 100.0, 0.9, 0.2)
(18.318814111699975, 64.56542290346556, 0.6000000000000001, 0.1)
(18.9309498682792, 64.56542290346556, 0.8, 0.30000000000000004)
(19.281956480779936, 64.56542290346556, 0.5, 0.1)
(19.790084396452862, 64.56542290346556, 0.7000000000000001, 0.2)
(19.831952293954487, 64.56542290346556, 0.4, 0.1)
(20.024825482813874, 64.56542290346556, 0.8, 0.4)
(20.124726509924848, 64.56542290346556, 0.30000000000000004, 0.1)
(20.255160065711113, 64.56542290346556, 0.2, 0.1)
(20.297428552803286, 64.56542290346556, 0.1, 0.1)
(20.41093459386083, 64.56542290346556, 0.0, 0.1)
(20.563165472140167, 100.0, 0.9, 0.30000000000000004)
(20.872470897150265, 64.56542290346556, 0.8, 0.5)
(20.936337166642165, 64.56542290346556, 0.0, 0.2)
(20.971058970224597, 64.56542290346556, 0.6000000000000001, 0.2)
(21.05773392531259, 64.56542290346556, 0.1, 0.2)
(21.15223742281565, 100.0, 0.8, 0.1)
(21.16144569473126, 64.56542290346556, 0.0, 0.30000000000000004)
(21.27809688409943, 64.56542290346556, 0.0, 0.4)
(21.308162900792475, 64.56542290346556, 0.7000000000000001, 0.30000000000000004)
(21.30974432188109, 64.56542290346556, 0.2, 0.2)
(21.346746830925365, 64.56542290346556, 0.0, 0.5)
(21.391110465687248, 64.56542290346556, 0.0, 0.6)
(21.406984010965783, 64.56542290346556, 0.1, 0.30000000000000004)
(21.421802344730892, 64.56542290346556, 0.0, 0.7000000000000001)
(21.444382489970472, 64.56542290346556, 0.0, 0.8)
(21.460881322686657, 64.56542290346556, 0.5, 0.2)
(21.46290846278022, 64.56542290346556, 0.0, 0.9)
(21.504905679552976, 64.56542290346556, 0.30000000000000004, 0.2)
(21.583815025160686, 64.56542290346556, 0.4, 0.2)
(21.606742028752738, 64.56542290346556, 0.8, 0.6)
(21.614902991937463, 64.56542290346556, 0.1, 0.4)
(21.759120339125936, 64.56542290346556, 0.1, 0.5)
(21.813392515602175, 64.56542290346556, 0.2, 0.30000000000000004)
(21.87146217388762, 64.56542290346556, 0.1, 0.6)
(21.965948940238654, 64.56542290346556, 0.1, 0.7000000000000001)
(22.051328449552663, 64.56542290346556, 0.1, 0.8)
(22.093917861896422, 100.0, 0.9, 0.4)
(22.1321246539447, 64.56542290346556, 0.1, 0.9)
(22.132595815876805, 64.56542290346556, 0.2, 0.4)
(22.176864636860845, 64.56542290346556, 0.30000000000000004, 0.30000000000000004)
(22.267062099518107, 64.56542290346556, 0.6000000000000001, 0.30000000000000004)
(22.299049044448978, 64.56542290346556, 0.8, 0.7000000000000001)
(22.311818476506776, 64.56542290346556, 0.7000000000000001, 0.4)
(22.366963291486165, 64.56542290346556, 0.2, 0.5)
(22.444194409052173, 64.56542290346556, 0.4, 0.30000000000000004)
(22.53077010107754, 64.56542290346556, 0.5, 0.30000000000000004)
(22.556062324474905, 64.56542290346556, 0.2, 0.6)
(22.615832174096997, 64.56542290346556, 0.30000000000000004, 0.4)
(22.71710144715617, 64.56542290346556, 0.2, 0.7000000000000001)
(22.861118275350744, 64.56542290346556, 0.2, 0.8)
(22.947296149322483, 64.56542290346556, 0.30000000000000004, 0.5)
(22.99827548148994, 64.56542290346556, 0.8, 0.8)
(23.003914861009743, 64.56542290346556, 0.2, 0.9)
(23.013598811698888, 64.56542290346556, 0.4, 0.4)
(23.09354078253751, 64.56542290346556, 0.7000000000000001, 0.5)
(23.12799198870171, 64.56542290346556, 0.6000000000000001, 0.4)
(23.219799957382477, 64.56542290346556, 0.30000000000000004, 0.6)
(23.241967807871287, 64.56542290346556, 0.5, 0.4)
(23.27105632102745, 100.0, 0.9, 0.5)
(23.45121031601154, 64.56542290346556, 0.4, 0.5)
(23.45479423413669, 64.56542290346556, 0.30000000000000004, 0.7000000000000001)
(23.66938223047578, 64.56542290346556, 0.30000000000000004, 0.8)
(23.74742300299376, 64.56542290346556, 0.8, 0.9)
(23.768086443800897, 64.56542290346556, 0.7000000000000001, 0.6)
(23.794292643158663, 64.56542290346556, 0.5, 0.5)
(23.799423142585006, 64.56542290346556, 0.6000000000000001, 0.5)
(23.816333401702007, 64.56542290346556, 0.4, 0.6)
(23.88148073196801, 64.56542290346556, 0.30000000000000004, 0.9)
(24.136868887831536, 64.56542290346556, 0.4, 0.7000000000000001)
(24.261456042274563, 64.56542290346556, 0.5, 0.6)
(24.289789495714004, 100.0, 0.9, 0.6)
(24.373968236431956, 64.56542290346556, 0.6000000000000001, 0.6)
(24.395191155775002, 64.56542290346556, 0.7000000000000001, 0.7000000000000001)
(24.435857459949943, 64.56542290346556, 0.4, 0.8)
(24.680173630411915, 64.56542290346556, 0.5, 0.7000000000000001)
(24.73077545256441, 64.56542290346556, 0.4, 0.9)
(24.899127610582223, 64.56542290346556, 0.6000000000000001, 0.7000000000000001)
(25.016922575459397, 64.56542290346556, 0.7000000000000001, 0.8)
(25.077748295105636, 64.56542290346556, 0.5, 0.8)
(25.256299401748187, 100.0, 0.9, 0.7000000000000001)
(25.408361528618084, 64.56542290346556, 0.6000000000000001, 0.8)
(25.4772455982217, 64.56542290346556, 0.5, 0.9)
(25.4900279671038, 100.0, 0.7000000000000001, 0.1)
(25.6648488631533, 64.56542290346556, 0.7000000000000001, 0.9)
(25.92952571528235, 64.56542290346556, 0.6000000000000001, 0.9)
(26.245714085720167, 100.0, 0.9, 0.8)
(26.40874368647974, 100.0, 0.8, 0.2)
(26.799531973573337, 200.0, 0.9, 0.1)
(27.329202824613557, 100.0, 0.9, 0.9)
(28.03935657287473, 100.0, 0.6000000000000001, 0.1)
(29.0034186446498, 100.0, 0.8, 0.30000000000000004)
(29.527012160269294, 100.0, 0.5, 0.1)
(30.3219492223068, 100.0, 0.7000000000000001, 0.2)
(30.36683307987047, 100.0, 0.4, 0.1)
(30.707806115885173, 100.0, 0.8, 0.4)
(30.800937677977643, 100.0, 0.30000000000000004, 0.1)
(30.97638413455492, 100.0, 0.2, 0.1)
(31.00402351003125, 100.0, 0.1, 0.1)
(31.123156006476975, 100.0, 0.0, 0.1)
(31.818002024678467, 100.0, 0.0, 0.2)
(32.0256044548837, 100.0, 0.8, 0.5)
(32.10538927172033, 100.0, 0.1, 0.2)
(32.12635573884447, 100.0, 0.0, 0.30000000000000004)
(32.14191908095293, 100.0, 0.6000000000000001, 0.2)
(32.28763057933929, 100.0, 0.0, 0.4)
(32.382124569872936, 100.0, 0.0, 0.5)
(32.44274312177677, 100.0, 0.0, 0.6)
(32.48424177124162, 100.0, 0.0, 0.7000000000000001)
(32.5143495133431, 100.0, 0.0, 0.8)
(32.53858470425961, 100.0, 0.0, 0.9)
(32.547769842886396, 100.0, 0.2, 0.2)
(32.624502279621, 100.0, 0.1, 0.30000000000000004)
(32.6832746435834, 100.0, 0.7000000000000001, 0.30000000000000004)
(32.8820848430801, 100.0, 0.5, 0.2)
(32.88981066188734, 100.0, 0.30000000000000004, 0.2)
(32.93957523117246, 100.0, 0.1, 0.4)
(33.04545525870526, 100.0, 0.4, 0.2)
(33.159794770004346, 100.0, 0.1, 0.5)
(33.164526215680745, 100.0, 0.8, 0.6)
(33.310797527596556, 100.0, 0.2, 0.30000000000000004)
(33.331030419793535, 100.0, 0.1, 0.6)
(33.47268284460371, 100.0, 0.1, 0.7000000000000001)
(33.59823855213453, 100.0, 0.1, 0.8)
(33.71467751975, 100.0, 0.1, 0.9)
(33.79999465355163, 100.0, 0.2, 0.4)
(33.91963214570532, 100.0, 0.30000000000000004, 0.30000000000000004)
(34.15465722101073, 100.0, 0.6000000000000001, 0.30000000000000004)
(34.160409320158436, 100.0, 0.2, 0.5)
(34.23558543503638, 100.0, 0.8, 0.7000000000000001)
(34.24550349824776, 100.0, 0.7000000000000001, 0.4)
(34.373126363899786, 100.0, 0.4, 0.30000000000000004)
(34.45010959356881, 100.0, 0.2, 0.6)
(34.539609253483555, 100.0, 0.5, 0.30000000000000004)
(34.59693323793957, 100.0, 0.30000000000000004, 0.4)
(34.69387669413879, 100.0, 0.2, 0.7000000000000001)
(34.90895978577055, 100.0, 0.2, 0.8)
(35.10994996856901, 100.0, 0.30000000000000004, 0.5)
(35.11711400372352, 100.0, 0.2, 0.9)
(35.25526219042373, 100.0, 0.4, 0.4)
(35.31197720536849, 100.0, 0.8, 0.8)
(35.46089846441922, 100.0, 0.7000000000000001, 0.5)
(35.494009282826475, 100.0, 0.6000000000000001, 0.4)
(35.530411535820065, 100.0, 0.30000000000000004, 0.6)
(35.64453734487293, 100.0, 0.5, 0.4)
(35.888492215523094, 200.0, 0.9, 0.2)
(35.89001863141375, 100.0, 0.30000000000000004, 0.7000000000000001)
(35.93476407665185, 100.0, 0.4, 0.5)
(36.21510807718924, 100.0, 0.30000000000000004, 0.8)
(36.45402126743041, 100.0, 0.8, 0.9)
(36.50044328232299, 100.0, 0.4, 0.6)
(36.50371154751809, 100.0, 0.5, 0.5)
(36.50738585559735, 100.0, 0.7000000000000001, 0.6)
(36.52847348277777, 100.0, 0.30000000000000004, 0.9)
(36.538696868289655, 100.0, 0.6000000000000001, 0.5)
(36.99389221889002, 100.0, 0.4, 0.7000000000000001)
(37.22886530480939, 100.0, 0.5, 0.6)
(37.43042237964983, 100.0, 0.6000000000000001, 0.6)
(37.45123556703824, 100.0, 0.4, 0.8)
(37.47703967453028, 100.0, 0.7000000000000001, 0.7000000000000001)
(37.87580760893979, 100.0, 0.5, 0.7000000000000001)
(37.89306760279559, 100.0, 0.4, 0.9)
(38.24256990211105, 100.0, 0.6000000000000001, 0.7000000000000001)
(38.43359129795941, 100.0, 0.7000000000000001, 0.8)
(38.4860299728554, 100.0, 0.5, 0.8)
(39.02510644486248, 100.0, 0.6000000000000001, 0.8)
(39.08939294917742, 100.0, 0.5, 0.9)
(39.41807664670686, 100.0, 0.7000000000000001, 0.9)
(39.81421777742278, 100.0, 0.6000000000000001, 0.9)
(39.92335075160783, 300.0, 0.9, 0.1)
(40.578470106743154, 200.0, 0.9, 0.30000000000000004)
(41.74121719277289, 200.0, 0.8, 0.1)
(43.65888988176952, 200.0, 0.9, 0.4)
(46.01989411362411, 200.0, 0.9, 0.5)
(48.05924819936544, 200.0, 0.9, 0.6)
(49.98866346565808, 200.0, 0.9, 0.7000000000000001)
(50.43903840366849, 200.0, 0.7000000000000001, 0.1)
(51.9542721983919, 200.0, 0.9, 0.8)
(52.280172493177396, 200.0, 0.8, 0.2)
(53.05960820507957, 400.0, 0.9, 0.1)
(53.5754169617964, 300.0, 0.9, 0.2)
(54.0901798281747, 200.0, 0.9, 0.9)
(55.54103596291436, 200.0, 0.6000000000000001, 0.1)
(57.48700006031993, 200.0, 0.8, 0.30000000000000004)
(58.509375326233084, 200.0, 0.5, 0.1)
(60.10830005993715, 200.0, 0.7000000000000001, 0.2)
(60.17191856628069, 200.0, 0.4, 0.1)
(60.6194888934032, 300.0, 0.9, 0.30000000000000004)
(60.90744560939489, 200.0, 0.8, 0.4)
(61.01110111205771, 200.0, 0.30000000000000004, 0.1)
(61.31285340952478, 200.0, 0.1, 0.1)
(61.31918286573182, 200.0, 0.2, 0.1)
(61.433824485766955, 200.0, 0.0, 0.1)
(62.360284744261726, 300.0, 0.8, 0.1)
(62.56899957793261, 200.0, 0.0, 0.2)
(63.09388957400175, 200.0, 0.0, 0.30000000000000004)
(63.366706657459154, 200.0, 0.1, 0.2)
(63.37301693665155, 200.0, 0.0, 0.4)
(63.53610301701878, 200.0, 0.0, 0.5)
(63.5464291816082, 200.0, 0.8, 0.5)
(63.63956038778944, 200.0, 0.0, 0.6)
(63.70954661876894, 200.0, 0.0, 0.7000000000000001)
(63.73349612788588, 200.0, 0.6000000000000001, 0.2)
(63.759471054704846, 200.0, 0.0, 0.8)
(63.79719958428676, 200.0, 0.0, 0.9)
(64.3435071658527, 200.0, 0.2, 0.2)
(64.35688941511529, 200.0, 0.1, 0.30000000000000004)
(64.84261661439193, 200.0, 0.7000000000000001, 0.30000000000000004)
(64.96891388764809, 200.0, 0.1, 0.4)
(65.09844019825807, 200.0, 0.30000000000000004, 0.2)
(65.18590150744704, 200.0, 0.5, 0.2)
(65.24553911144179, 300.0, 0.9, 0.4)
(65.39851486180238, 200.0, 0.1, 0.5)
(65.46872153938297, 200.0, 0.4, 0.2)
(65.730044525737, 200.0, 0.1, 0.6)
(65.823763974421, 200.0, 0.8, 0.6)
(65.83604427418958, 200.0, 0.2, 0.30000000000000004)
(65.99829195502456, 200.0, 0.1, 0.7000000000000001)
(66.20093683663691, 500.0, 0.9, 0.1)
(66.23009184162696, 200.0, 0.1, 0.8)
(66.43492221158695, 200.0, 0.1, 0.9)
(66.80201053604458, 200.0, 0.2, 0.4)
(67.13729165983855, 200.0, 0.30000000000000004, 0.30000000000000004)
(67.5167590069269, 200.0, 0.2, 0.5)
(67.76520891057228, 200.0, 0.6000000000000001, 0.30000000000000004)
(67.96144594186975, 200.0, 0.8, 0.7000000000000001)
(67.97640064306802, 200.0, 0.7000000000000001, 0.4)
(68.08922122466262, 200.0, 0.2, 0.6)
(68.11420762788167, 200.0, 0.4, 0.30000000000000004)
(68.48515701866351, 200.0, 0.30000000000000004, 0.4)
(68.4998420870118, 200.0, 0.5, 0.30000000000000004)
(68.56556949861823, 200.0, 0.2, 0.7000000000000001)
(68.78759174495607, 300.0, 0.9, 0.5)
(68.9814689129138, 200.0, 0.2, 0.8)
(69.36958470767374, 200.0, 0.2, 0.9)
(69.50957143018177, 200.0, 0.30000000000000004, 0.5)
(69.87828895512962, 200.0, 0.4, 0.4)
(70.10002876849879, 200.0, 0.8, 0.8)
(70.34708422220825, 200.0, 0.30000000000000004, 0.6)
(70.41114187450557, 200.0, 0.7000000000000001, 0.5)
(70.45211301614181, 200.0, 0.6000000000000001, 0.4)
(70.71519934779161, 200.0, 0.5, 0.4)
(71.0579712620692, 200.0, 0.30000000000000004, 0.7000000000000001)
(71.23980485464104, 200.0, 0.4, 0.5)
(71.27100999369668, 400.0, 0.9, 0.2)
(71.69277112139758, 200.0, 0.30000000000000004, 0.8)
(71.84633468795481, 300.0, 0.9, 0.6)
(72.29226911737362, 200.0, 0.30000000000000004, 0.9)
(72.35266363964779, 200.0, 0.8, 0.9)
(72.37165801398602, 200.0, 0.4, 0.6)
(72.43905538940498, 200.0, 0.5, 0.5)
(72.50405843314658, 200.0, 0.7000000000000001, 0.6)
(72.54692712042872, 200.0, 0.6000000000000001, 0.5)
(73.35328243789878, 200.0, 0.4, 0.7000000000000001)
(73.89154784664271, 200.0, 0.5, 0.6)
(74.25553454882444, 200.0, 0.4, 0.8)
(74.33115017791467, 200.0, 0.6000000000000001, 0.6)
(74.43823774990551, 200.0, 0.7000000000000001, 0.7000000000000001)
(74.7376744359215, 300.0, 0.9, 0.7000000000000001)
(75.11007534488311, 200.0, 0.4, 0.9)
(75.18171094695374, 200.0, 0.5, 0.7000000000000001)
(75.4126143955639, 300.0, 0.7000000000000001, 0.1)
(75.95116927936694, 200.0, 0.6000000000000001, 0.7000000000000001)
(76.3372569907043, 200.0, 0.7000000000000001, 0.8)
(76.38829397537513, 200.0, 0.5, 0.8)
(77.50154191767997, 200.0, 0.6000000000000001, 0.8)
(77.56253913123652, 200.0, 0.5, 0.9)
(77.67898041909623, 300.0, 0.9, 0.8)
(78.17518081581127, 300.0, 0.8, 0.2)
(78.27311027712194, 200.0, 0.7000000000000001, 0.9)
(79.04549434190764, 200.0, 0.6000000000000001, 0.9)
(79.34476524471881, 600.0, 0.9, 0.1)
(80.66717472317119, 400.0, 0.9, 0.30000000000000004)
(80.8679250342419, 300.0, 0.9, 0.9)
(82.98683216646704, 400.0, 0.8, 0.1)
(83.06548640336347, 300.0, 0.6000000000000001, 0.1)
(85.99027413846154, 300.0, 0.8, 0.30000000000000004)
(86.83779892548662, 400.0, 0.9, 0.4)
(87.5148560424613, 300.0, 0.5, 0.1)
(88.9700962311582, 500.0, 0.9, 0.2)
(89.91732103355028, 300.0, 0.7000000000000001, 0.2)
(90.002817220276, 300.0, 0.4, 0.1)
(91.12432488472172, 300.0, 0.8, 0.4)
(91.25099518137368, 300.0, 0.30000000000000004, 0.1)
(91.56029008906336, 400.0, 0.9, 0.5)
(91.65964784043119, 300.0, 0.1, 0.1)
(91.69561771146374, 300.0, 0.2, 0.1)
(91.77980065334685, 300.0, 0.0, 0.1)
(92.4899924736104, 700.0, 0.9, 0.1)
(93.3418273171103, 300.0, 0.0, 0.2)
(94.07390905008407, 300.0, 0.0, 0.30000000000000004)
(94.46663971033716, 300.0, 0.0, 0.4)
(94.66577521296448, 300.0, 0.1, 0.2)
(94.69594646769757, 300.0, 0.0, 0.5)
(94.8406761444715, 300.0, 0.0, 0.6)
(94.93798949674373, 300.0, 0.0, 0.7000000000000001)
(95.00661922309187, 300.0, 0.0, 0.8)
(95.05774115515254, 300.0, 0.0, 0.9)
(95.08291638008366, 300.0, 0.8, 0.5)
(95.34968394519201, 300.0, 0.6000000000000001, 0.2)
(95.6381782159569, 400.0, 0.9, 0.6)
(96.12418573450158, 300.0, 0.1, 0.30000000000000004)
(96.1744556487955, 300.0, 0.2, 0.2)
(97.02224267471463, 300.0, 0.7000000000000001, 0.30000000000000004)
(97.03070490870348, 300.0, 0.1, 0.4)
(97.34183338606844, 300.0, 0.30000000000000004, 0.2)
(97.51761206862948, 300.0, 0.5, 0.2)
(97.66812798747505, 300.0, 0.1, 0.5)
(97.92404018589359, 300.0, 0.4, 0.2)
(98.15865254641432, 300.0, 0.1, 0.6)
(98.39686101719745, 300.0, 0.2, 0.30000000000000004)
(98.49761777855277, 300.0, 0.8, 0.6)
(98.55311998732739, 300.0, 0.1, 0.7000000000000001)
(98.89236390019116, 300.0, 0.1, 0.8)
(99.18497404040771, 300.0, 0.1, 0.9)
(99.491338233377, 400.0, 0.9, 0.7000000000000001)
(99.83858706074, 300.0, 0.2, 0.4)
(100.39024354496752, 300.0, 0.30000000000000004, 0.30000000000000004)
(100.3923120260301, 400.0, 0.7000000000000001, 0.1)
(100.71759728687766, 500.0, 0.9, 0.30000000000000004)
(100.90741955555099, 300.0, 0.2, 0.5)
(101.39904300976319, 300.0, 0.6000000000000001, 0.30000000000000004)
(101.70158137109554, 300.0, 0.8, 0.7000000000000001)
(101.7256350108157, 300.0, 0.7000000000000001, 0.4)
(101.76239534363428, 300.0, 0.2, 0.6)
(101.88784106657619, 300.0, 0.4, 0.30000000000000004)
(102.4086606692201, 300.0, 0.30000000000000004, 0.4)
(102.47088638943283, 300.0, 0.2, 0.7000000000000001)
(102.48764421616369, 300.0, 0.5, 0.30000000000000004)
(103.08503779614063, 300.0, 0.2, 0.8)
(103.40852623156661, 400.0, 0.9, 0.8)
(103.61630148492236, 500.0, 0.8, 0.1)
(103.65348680766861, 300.0, 0.2, 0.9)
(103.9444663184174, 300.0, 0.30000000000000004, 0.5)
(104.07635053517012, 400.0, 0.8, 0.2)
(104.53422031453921, 300.0, 0.4, 0.4)
(104.90242988100044, 300.0, 0.8, 0.8)
(105.19943270842275, 300.0, 0.30000000000000004, 0.6)
(105.37821987539637, 300.0, 0.7000000000000001, 0.5)
(105.4322415508013, 300.0, 0.6000000000000001, 0.4)
(105.8131106557193, 300.0, 0.5, 0.4)
(106.26237446414967, 300.0, 0.30000000000000004, 0.7000000000000001)
(106.57779852932724, 300.0, 0.4, 0.5)
(106.67093376915925, 600.0, 0.9, 0.2)
(107.20632459633592, 300.0, 0.30000000000000004, 0.8)
(107.65072208724203, 400.0, 0.9, 0.9)
(108.0906035194293, 300.0, 0.30000000000000004, 0.9)
(108.2658212754078, 300.0, 0.8, 0.9)
(108.27609035392867, 300.0, 0.4, 0.6)
(108.4007908619572, 300.0, 0.5, 0.5)
(108.43233208513458, 500.0, 0.9, 0.4)
(108.51640420036937, 300.0, 0.7000000000000001, 0.6)
(108.57567361240007, 300.0, 0.6000000000000001, 0.5)
(109.74637917016219, 300.0, 0.4, 0.7000000000000001)
(110.58008130327802, 300.0, 0.5, 0.6)
(110.59591012160718, 400.0, 0.6000000000000001, 0.1)
(111.09338246794567, 300.0, 0.4, 0.8)
(111.25132616911625, 300.0, 0.6000000000000001, 0.6)
(111.41482459792017, 300.0, 0.7000000000000001, 0.7000000000000001)
(112.35723462093642, 300.0, 0.4, 0.9)
(112.51313479946634, 300.0, 0.5, 0.7000000000000001)
(113.67864898078682, 300.0, 0.6000000000000001, 0.7000000000000001)
(114.25657987851758, 300.0, 0.7000000000000001, 0.8)
(114.31558595287399, 300.0, 0.5, 0.8)
(114.33507233775079, 500.0, 0.9, 0.5)
(114.49866215875548, 400.0, 0.8, 0.30000000000000004)
(115.99695391253155, 300.0, 0.6000000000000001, 0.8)
(116.05744855211576, 300.0, 0.5, 0.9)
(116.52656452215678, 400.0, 0.5, 0.1)
(117.14351258217555, 300.0, 0.7000000000000001, 0.9)
(118.29477076958243, 300.0, 0.6000000000000001, 0.9)
(119.4320016461458, 500.0, 0.9, 0.6)
(119.73242174689075, 400.0, 0.7000000000000001, 0.2)
(119.84073013999472, 400.0, 0.4, 0.1)
(120.76941299370408, 600.0, 0.9, 0.30000000000000004)
(121.34561209265911, 400.0, 0.8, 0.4)
(121.4994569697597, 400.0, 0.30000000000000004, 0.1)
(122.01863832680368, 400.0, 0.1, 0.1)
(122.08231892385659, 400.0, 0.2, 0.1)
(122.13795987001913, 400.0, 0.0, 0.1)
(124.12334438811564, 400.0, 0.0, 0.2)
(124.24699174813797, 500.0, 0.9, 0.7000000000000001)
(124.24722641945014, 600.0, 0.8, 0.1)
(124.37277286591133, 700.0, 0.9, 0.2)
(125.0590558133868, 400.0, 0.0, 0.30000000000000004)
(125.37449177185982, 500.0, 0.7000000000000001, 0.1)
(125.563671111185, 400.0, 0.0, 0.4)
(125.8581765356815, 400.0, 0.0, 0.5)
(125.97834819609173, 400.0, 0.1, 0.2)
(126.0435779979168, 400.0, 0.0, 0.6)
(126.16771690318562, 400.0, 0.0, 0.7000000000000001)
(126.25479730856824, 400.0, 0.0, 0.8)
(126.31930485030622, 400.0, 0.0, 0.9)
(126.62358336161232, 400.0, 0.8, 0.5)
(126.97276605284657, 400.0, 0.6000000000000001, 0.2)
(127.90474161410998, 400.0, 0.1, 0.30000000000000004)
(128.01769392640816, 400.0, 0.2, 0.2)
(129.1052100085925, 400.0, 0.1, 0.4)
(129.1402457518952, 500.0, 0.9, 0.8)
(129.2072084469836, 400.0, 0.7000000000000001, 0.30000000000000004)
(129.5968152323534, 400.0, 0.30000000000000004, 0.2)
(129.8576164958336, 400.0, 0.5, 0.2)
(129.95042057565237, 400.0, 0.1, 0.5)
(129.98003402667936, 500.0, 0.8, 0.2)
(130.02800554614313, 600.0, 0.9, 0.4)
(130.38937231515717, 400.0, 0.4, 0.2)
(130.60004904694972, 400.0, 0.1, 0.6)
(130.97022942214795, 400.0, 0.2, 0.30000000000000004)
(131.12104359557213, 400.0, 0.1, 0.7000000000000001)
(131.17544753566403, 400.0, 0.8, 0.6)
(131.56806772919904, 400.0, 0.1, 0.8)
(131.9506315861403, 400.0, 0.1, 0.9)
(132.88766210847018, 400.0, 0.2, 0.4)
(133.65517468392903, 400.0, 0.30000000000000004, 0.30000000000000004)
(134.31054145945137, 400.0, 0.2, 0.5)
(134.4358373978048, 500.0, 0.9, 0.9)
(135.03937875507785, 400.0, 0.6000000000000001, 0.30000000000000004)
(135.44567377186743, 400.0, 0.8, 0.7000000000000001)
(135.44813935059224, 400.0, 0.2, 0.6)
(135.47967303959135, 400.0, 0.7000000000000001, 0.4)
(135.67191454282295, 400.0, 0.4, 0.30000000000000004)
(136.34446267156451, 400.0, 0.30000000000000004, 0.4)
(136.38901390475377, 400.0, 0.2, 0.7000000000000001)
(136.48369588036346, 400.0, 0.5, 0.30000000000000004)
(137.11093373123413, 600.0, 0.9, 0.5)
(137.20116285589856, 400.0, 0.2, 0.8)
(137.9494626539332, 400.0, 0.2, 0.9)
(138.12882821795063, 500.0, 0.6000000000000001, 0.1)
(138.39190392088952, 400.0, 0.30000000000000004, 0.5)
(139.20082495948614, 400.0, 0.4, 0.4)
(139.70911998512906, 400.0, 0.8, 0.8)
(140.06458297253698, 400.0, 0.30000000000000004, 0.6)
(140.3497891532775, 400.0, 0.7000000000000001, 0.5)
(140.4184269365673, 400.0, 0.6000000000000001, 0.4)
(140.8220327132782, 700.0, 0.9, 0.30000000000000004)
(140.91903322730207, 400.0, 0.5, 0.4)
(141.4799326774893, 400.0, 0.30000000000000004, 0.7000000000000001)
(141.92650218327586, 400.0, 0.4, 0.5)
(142.73338351681343, 400.0, 0.30000000000000004, 0.8)
(143.00911290702314, 500.0, 0.8, 0.30000000000000004)
(143.2268477664018, 600.0, 0.9, 0.6)
(143.90098093320114, 400.0, 0.30000000000000004, 0.9)
(144.18337674203798, 400.0, 0.8, 0.9)
(144.19124023703364, 400.0, 0.4, 0.6)
(144.37018006119195, 400.0, 0.5, 0.5)
(144.53299852739624, 400.0, 0.7000000000000001, 0.6)
(144.61010101135759, 400.0, 0.6000000000000001, 0.5)
(144.87899038345984, 700.0, 0.8, 0.1)
(145.5409388353023, 500.0, 0.5, 0.1)
(146.15029030494375, 400.0, 0.4, 0.7000000000000001)
(147.27600335982868, 400.0, 0.5, 0.6)
(147.94216421668054, 400.0, 0.4, 0.8)
(148.17686569049113, 400.0, 0.6000000000000001, 0.6)
(148.39570570197395, 400.0, 0.7000000000000001, 0.7000000000000001)
(149.0036908353264, 600.0, 0.9, 0.7000000000000001)
(149.55000904475972, 500.0, 0.7000000000000001, 0.2)
(149.613844723076, 400.0, 0.4, 0.9)
(149.6816246097301, 500.0, 0.4, 0.1)
(149.85182262954262, 400.0, 0.5, 0.7000000000000001)
(150.35793858147417, 600.0, 0.7000000000000001, 0.1)
(151.41144299307206, 400.0, 0.6000000000000001, 0.7000000000000001)
(151.56866986096395, 500.0, 0.8, 0.4)
(151.62433042811597, 700.0, 0.9, 0.4)
(151.7516554429483, 500.0, 0.30000000000000004, 0.1)
(152.18049978187025, 400.0, 0.7000000000000001, 0.8)
(152.2502662573802, 400.0, 0.5, 0.8)
(152.3833330879103, 500.0, 0.1, 0.1)
(152.47364652325993, 500.0, 0.2, 0.1)
(152.50217989537217, 500.0, 0.0, 0.1)
(154.49788452366073, 400.0, 0.6000000000000001, 0.8)
(154.5594654821114, 400.0, 0.5, 0.9)
(154.8731493739255, 600.0, 0.9, 0.8)
(154.90956107056815, 500.0, 0.0, 0.2)
(155.88498275030105, 600.0, 0.8, 0.2)
(156.01870776259997, 400.0, 0.7000000000000001, 0.9)
(156.0470326768357, 500.0, 0.0, 0.30000000000000004)
(156.66257054473502, 500.0, 0.0, 0.4)
(157.02171121208877, 500.0, 0.0, 0.5)
(157.2474646376985, 500.0, 0.0, 0.6)
(157.29763755236283, 500.0, 0.1, 0.2)
(157.39818434489658, 500.0, 0.0, 0.7000000000000001)
(157.5035951566849, 500.0, 0.0, 0.8)
(157.54981695339777, 400.0, 0.6000000000000001, 0.9)
(157.5813362703111, 500.0, 0.0, 0.9)
(158.1659768248613, 500.0, 0.8, 0.5)
(158.5987106032692, 500.0, 0.6000000000000001, 0.2)
(159.69213063243149, 500.0, 0.1, 0.30000000000000004)
(159.86713251199666, 500.0, 0.2, 0.2)
(159.88743093376297, 700.0, 0.9, 0.5)
(161.1864652664071, 500.0, 0.1, 0.4)
(161.2222774840094, 600.0, 0.9, 0.9)
(161.39433930444804, 500.0, 0.7000000000000001, 0.30000000000000004)
(161.8573070677139, 500.0, 0.30000000000000004, 0.2)
(162.2012490055755, 500.0, 0.5, 0.2)
(162.23959963901086, 500.0, 0.1, 0.5)
(162.85919520658342, 500.0, 0.4, 0.2)
(163.0484904551939, 500.0, 0.1, 0.6)
(163.54996304312738, 500.0, 0.2, 0.30000000000000004)
(163.69621594497025, 500.0, 0.1, 0.7000000000000001)
(163.85495984946004, 500.0, 0.8, 0.6)
(164.25067139212518, 500.0, 0.1, 0.8)
(164.7238169480129, 500.0, 0.1, 0.9)
(165.6630317593106, 600.0, 0.6000000000000001, 0.1)
(165.94325250376244, 500.0, 0.2, 0.4)
(166.9259117563992, 500.0, 0.30000000000000004, 0.30000000000000004)
(167.02229592470349, 700.0, 0.9, 0.6)
(167.72018720035416, 500.0, 0.2, 0.5)
(168.68241952309967, 500.0, 0.6000000000000001, 0.30000000000000004)
(169.1405772116289, 500.0, 0.2, 0.6)
(169.19144863504837, 500.0, 0.8, 0.7000000000000001)
(169.23565887535557, 500.0, 0.7000000000000001, 0.4)
(169.46074327223144, 500.0, 0.4, 0.30000000000000004)
(170.28631593784405, 500.0, 0.30000000000000004, 0.4)
(170.31408454821823, 500.0, 0.2, 0.7000000000000001)
(170.48339245841373, 500.0, 0.5, 0.30000000000000004)
(171.32466392387377, 500.0, 0.2, 0.8)
(171.52059609255153, 600.0, 0.8, 0.30000000000000004)
(172.25223039219162, 500.0, 0.2, 0.9)
(172.84561589793262, 500.0, 0.30000000000000004, 0.5)
(173.76101188845553, 700.0, 0.9, 0.7000000000000001)
(173.87227531576218, 500.0, 0.4, 0.4)
(174.51769624649643, 500.0, 0.8, 0.8)
(174.55671753826948, 600.0, 0.5, 0.1)
(174.9361388810846, 500.0, 0.30000000000000004, 0.6)
(175.32321267429214, 500.0, 0.7000000000000001, 0.5)
(175.34212458896445, 700.0, 0.7000000000000001, 0.1)
(175.40712053078977, 500.0, 0.6000000000000001, 0.4)
(176.02844003787922, 500.0, 0.5, 0.4)
(176.704096574179, 500.0, 0.30000000000000004, 0.7000000000000001)
(177.28004155664834, 500.0, 0.4, 0.5)
(178.26730695004846, 500.0, 0.30000000000000004, 0.8)
(179.368846938545, 600.0, 0.7000000000000001, 0.2)
(179.52409501565717, 600.0, 0.4, 0.1)
(179.71779558213666, 500.0, 0.30000000000000004, 0.9)
(180.10312648059292, 500.0, 0.8, 0.9)
(180.11117909748043, 500.0, 0.4, 0.6)
(180.3428802686855, 500.0, 0.5, 0.5)
(180.55139119947725, 500.0, 0.7000000000000001, 0.6)
(180.60677590940844, 700.0, 0.9, 0.8)
(180.64691306321683, 500.0, 0.6000000000000001, 0.5)
(181.79065398439465, 700.0, 0.8, 0.2)
(181.79261835485002, 600.0, 0.8, 0.4)
(182.00583524587447, 600.0, 0.30000000000000004, 0.1)
(182.55901128725367, 500.0, 0.4, 0.7000000000000001)
(182.75121131953415, 600.0, 0.1, 0.1)
(182.86749221652087, 600.0, 0.2, 0.1)
(182.86997740535122, 600.0, 0.0, 0.1)
(183.9750886384418, 500.0, 0.5, 0.6)
(184.79575146257085, 500.0, 0.4, 0.8)
(185.10466194689968, 500.0, 0.6000000000000001, 0.6)
(185.37843710213093, 500.0, 0.7000000000000001, 0.7000000000000001)
(185.69873518920875, 600.0, 0.0, 0.2)
(186.87494717327928, 500.0, 0.4, 0.9)
(187.03682297630928, 600.0, 0.0, 0.30000000000000004)
(187.19362547796075, 500.0, 0.5, 0.7000000000000001)
(187.76265036447205, 600.0, 0.0, 0.4)
(188.00957367368426, 700.0, 0.9, 0.9)
(188.18607468826764, 600.0, 0.0, 0.5)
(188.45197345368237, 600.0, 0.0, 0.6)
(188.62081835523205, 600.0, 0.1, 0.2)
(188.62911728804093, 600.0, 0.0, 0.7000000000000001)
(188.75275640506217, 600.0, 0.0, 0.8)
(188.8435756505014, 600.0, 0.0, 0.9)
(189.14651900556112, 500.0, 0.6000000000000001, 0.7000000000000001)
(189.70924972156035, 600.0, 0.8, 0.5)
(190.10640198096615, 500.0, 0.7000000000000001, 0.8)
(190.18812230798918, 500.0, 0.5, 0.8)
(190.22610909018627, 600.0, 0.6000000000000001, 0.2)
(191.48352298875648, 600.0, 0.1, 0.30000000000000004)
(191.72021098637913, 600.0, 0.2, 0.2)
(193.0011704009636, 500.0, 0.6000000000000001, 0.8)
(193.0650728132616, 500.0, 0.5, 0.9)
(193.1979861880429, 700.0, 0.6000000000000001, 0.1)
(193.27176731736043, 600.0, 0.1, 0.4)
(193.58256421929656, 600.0, 0.7000000000000001, 0.30000000000000004)
(194.12093314511915, 600.0, 0.30000000000000004, 0.2)
(194.53293204979352, 600.0, 0.1, 0.5)
(194.54677850495554, 600.0, 0.5, 0.2)
(194.8963430831782, 500.0, 0.7000000000000001, 0.9)
(195.3314538740909, 600.0, 0.4, 0.2)
(195.50117995949628, 600.0, 0.1, 0.6)
(196.1334746179765, 600.0, 0.2, 0.30000000000000004)
(196.27571226649968, 600.0, 0.1, 0.7000000000000001)
(196.53534990130834, 600.0, 0.8, 0.6)
(196.80775845309586, 500.0, 0.6000000000000001, 0.9)
(196.9372443626582, 600.0, 0.1, 0.8)
(197.50061839380817, 600.0, 0.1, 0.9)
(199.00278635301134, 600.0, 0.2, 0.4)
(200.03266930120924, 700.0, 0.8, 0.30000000000000004)
(200.20002277473725, 600.0, 0.30000000000000004, 0.30000000000000004)
(201.13381082754157, 600.0, 0.2, 0.5)
(202.32683552328277, 600.0, 0.6000000000000001, 0.30000000000000004)
(202.83713763915486, 600.0, 0.2, 0.6)
(202.93810539513012, 600.0, 0.8, 0.7000000000000001)
(202.9926241772797, 600.0, 0.7000000000000001, 0.4)
(203.2521825494282, 600.0, 0.4, 0.30000000000000004)
(203.57333127475508, 700.0, 0.5, 0.1)
(204.2317184656164, 600.0, 0.30000000000000004, 0.4)
(204.24346211378895, 600.0, 0.2, 0.7000000000000001)
(204.48502321659043, 600.0, 0.5, 0.30000000000000004)
(205.45280227768086, 600.0, 0.2, 0.8)
(206.55924691556234, 600.0, 0.2, 0.9)
(207.3030354883495, 600.0, 0.30000000000000004, 0.5)
(208.5463562119368, 600.0, 0.4, 0.4)
(209.18839892932158, 700.0, 0.7000000000000001, 0.2)
(209.32728070827832, 600.0, 0.8, 0.8)
(209.36751031230202, 700.0, 0.4, 0.1)
(209.81147255726648, 600.0, 0.30000000000000004, 0.6)
(210.2975843707849, 600.0, 0.7000000000000001, 0.5)
(210.3970903198044, 600.0, 0.6000000000000001, 0.4)
(211.1396795311699, 600.0, 0.5, 0.4)
(211.93217110280835, 600.0, 0.30000000000000004, 0.7000000000000001)
(212.01708049484054, 700.0, 0.8, 0.4)
(212.26119739562276, 700.0, 0.30000000000000004, 0.1)
(212.63619041322437, 600.0, 0.4, 0.5)
(213.12106982518534, 700.0, 0.1, 0.1)
(213.2401075277486, 700.0, 0.0, 0.1)
(213.26287910348557, 700.0, 0.2, 0.1)
(213.80526757237874, 600.0, 0.30000000000000004, 0.8)
(215.53858259531054, 600.0, 0.30000000000000004, 0.9)
(216.0241998244072, 600.0, 0.8, 0.9)
(216.03367841398168, 600.0, 0.4, 0.6)
(216.31731907527197, 600.0, 0.5, 0.5)
(216.48994395040052, 700.0, 0.0, 0.2)
(216.57072384283674, 600.0, 0.7000000000000001, 0.6)
(216.68495037625658, 600.0, 0.6000000000000001, 0.5)
(218.0278835405002, 700.0, 0.0, 0.30000000000000004)
(218.86354568614217, 700.0, 0.0, 0.4)
(218.97029157363914, 600.0, 0.4, 0.7000000000000001)
(219.3510145336346, 700.0, 0.0, 0.5)
(219.65691246237367, 700.0, 0.0, 0.6)
(219.86036171350221, 700.0, 0.0, 0.7000000000000001)
(219.94648219617767, 700.0, 0.1, 0.2)
(220.0021369867908, 700.0, 0.0, 0.8)
(220.1059148885946, 700.0, 0.0, 0.9)
(220.67582394211604, 600.0, 0.5, 0.6)
(221.25303164891142, 700.0, 0.8, 0.5)
(221.65188807546247, 600.0, 0.4, 0.8)
(221.85434655095872, 700.0, 0.6000000000000001, 0.2)
(222.03362674617904, 600.0, 0.6000000000000001, 0.6)
(222.36214511925652, 600.0, 0.7000000000000001, 0.7000000000000001)
(223.27746355509316, 700.0, 0.1, 0.30000000000000004)
(223.57561809164952, 700.0, 0.2, 0.2)
(224.13870178114323, 600.0, 0.4, 0.9)
(224.53706005134265, 600.0, 0.5, 0.7000000000000001)
(225.35968977433473, 700.0, 0.1, 0.4)
(225.77142072077606, 700.0, 0.7000000000000001, 0.30000000000000004)
(226.38653543867446, 700.0, 0.30000000000000004, 0.2)
(226.82894769054892, 700.0, 0.1, 0.5)
(226.88279024778225, 600.0, 0.6000000000000001, 0.7000000000000001)
(226.8934157509366, 700.0, 0.5, 0.2)
(227.80519981725698, 700.0, 0.4, 0.2)
(227.95660601478417, 700.0, 0.1, 0.6)
(228.03336321993194, 600.0, 0.7000000000000001, 0.8)
(228.1276655276308, 600.0, 0.5, 0.8)
(228.71943480454715, 700.0, 0.2, 0.30000000000000004)
(228.85794473336512, 700.0, 0.1, 0.7000000000000001)
(229.21625879779958, 700.0, 0.8, 0.6)
(229.6263215543358, 700.0, 0.1, 0.8)
(230.27928361453405, 700.0, 0.1, 0.9)
(231.50571356924968, 600.0, 0.6000000000000001, 0.8)
(231.5728272399999, 600.0, 0.5, 0.9)
(232.06490739769762, 700.0, 0.2, 0.4)
(233.4763030047982, 700.0, 0.30000000000000004, 0.30000000000000004)
(233.77545649205962, 600.0, 0.7000000000000001, 0.9)
(234.5500692886975, 700.0, 0.2, 0.5)
(235.97204393819175, 700.0, 0.6000000000000001, 0.30000000000000004)
(236.06743352736825, 600.0, 0.6000000000000001, 0.9)
(236.5364394055763, 700.0, 0.2, 0.6)
(236.68528686803197, 700.0, 0.8, 0.7000000000000001)
(236.75015154996612, 700.0, 0.7000000000000001, 0.4)
(237.04523208859212, 700.0, 0.4, 0.30000000000000004)
(238.1757115707511, 700.0, 0.2, 0.7000000000000001)
(238.17941460227263, 700.0, 0.30000000000000004, 0.4)
(238.48780009399076, 700.0, 0.5, 0.30000000000000004)
(239.58397168836427, 700.0, 0.2, 0.8)
(240.86906932843826, 700.0, 0.2, 0.9)
(241.76285252720072, 700.0, 0.30000000000000004, 0.5)
(243.2220382993661, 700.0, 0.4, 0.4)
(244.13747500565012, 700.0, 0.8, 0.8)
(244.68924456102798, 700.0, 0.30000000000000004, 0.6)
(245.27250797923205, 700.0, 0.7000000000000001, 0.5)
(245.38779721494382, 700.0, 0.6000000000000001, 0.4)
(246.25200157884754, 700.0, 0.5, 0.4)
(247.16276852509483, 700.0, 0.30000000000000004, 0.7000000000000001)
(247.9939196467474, 700.0, 0.4, 0.5)
(249.34581088199806, 700.0, 0.30000000000000004, 0.8)
(251.3619655006222, 700.0, 0.30000000000000004, 0.9)
(251.94614442011414, 700.0, 0.8, 0.9)
(251.9577148438649, 700.0, 0.4, 0.6)
(252.29278405922034, 700.0, 0.5, 0.5)
(252.59061299799362, 700.0, 0.7000000000000001, 0.6)
(252.72369990776386, 700.0, 0.6000000000000001, 0.5)
(255.38309928130093, 700.0, 0.4, 0.7000000000000001)
(257.3775299439141, 700.0, 0.5, 0.6)
(258.5095628149772, 700.0, 0.4, 0.8)
(258.96327797566016, 700.0, 0.6000000000000001, 0.6)
(259.3464345402751, 700.0, 0.7000000000000001, 0.7000000000000001)
(261.4042065829435, 700.0, 0.4, 0.9)
(261.8814614260556, 700.0, 0.5, 0.7000000000000001)
(264.61976893237147, 700.0, 0.6000000000000001, 0.7000000000000001)
(265.9609721648759, 700.0, 0.7000000000000001, 0.8)
(266.06823536179496, 700.0, 0.5, 0.8)
(270.01102922922223, 700.0, 0.6000000000000001, 0.8)
(270.08198058901195, 700.0, 0.5, 0.9)
(272.6555380562345, 700.0, 0.7000000000000001, 0.9)
(275.3282367887304, 700.0, 0.6000000000000001, 0.9)
